4 0.184375 0.04375 0.31015625 0.0671875
1 0.50546875 0.2265625 0.98203125 0.2390625
3 0.06015625 0.16953125 0.05625 0.0671875
5 0.1828125 0.22734375 0.31171875 0.04765625
0 0.06171875 0.28125 0.07109375 0.059375
1 0.25625 0.48515625 0.4671875 0.23515625
3 0.0765625 0.43203125 0.0921875 0.07109375
3 0.190625 0.47890625 0.3140625 0.04375
0 0.05625 0.53671875 0.04765625 0.0671875
1 0.74296875 0.48359375 0.46640625 0.22734375
3 0.553125 0.42578125 0.07265625 0.07265625
5 0.678125 0.47265625 0.32265625 0.040625
0 0.55546875 0.53359375 0.07734375 0.08046875
1 0.25 0.73046875 0.48828125 0.26171875
3 0.06015625 0.6765625 0.06484375 0.0765625
5 0.18046875 0.73359375 0.321875 0.059375
0 0.05234375 0.78984375 0.06796875 0.07109375
1 0.74765625 0.734375 0.47890625 0.25078125
3 0.565625 0.671875 0.0859375 0.0625
5 0.67734375 0.7359375 0.32265625 0.0359375
0 0.5609375 0.7890625 0.065625 0.03671875
2 0.5 0.9421875 1 0.115625
2 0.4984375 0.940625 0.996875 0.11796875