4 0.17734375 0.046875 0.32265625 0.06875
1 0.50234375 0.22890625 0.9875 0.24921875
3 0.07109375 0.16328125 0.09140625 0.06015625
3 0.18359375 0.22734375 0.32265625 0.02890625
4 0.17734375 0.053125 0.31171875 0.07578125
1 0.49765625 0.225 0.9859375 0.25625
3 0.053125 0.15703125 0.075 0.07578125
5 0.20078125 0.22265625 0.353125 0.03359375
0 0.06328125 0.27734375 0.05703125 0.05546875
1 0.1328125 0.5046875 0.23671875 0.2796875
3 0.06953125 0.4125 0.09140625 0.08515625
5 0.1328125 0.5 0.21171875 0.06640625
0 0.06328125 0.56953125 0.0765625 0.0703125
1 0.38203125 0.49296875 0.22421875 0.26484375
3 0.315625 0.4296875 0.0859375 0.05625
5 0.36875 0.49765625 0.18984375 0.07109375
0 0.309375 0.5640625 0.06015625 0.0734375
1 0.62890625 0.5046875 0.22890625 0.26875
3 0.553125 0.42109375 0.0703125 0.06875
5 0.62109375 0.49140625 0.190625 0.07890625
0 0.55703125 0.571875 0.065625 0.05625
1 0.8734375 0.49765625 0.2359375 0.28359375
3 0.7984375 0.42421875 0.05234375 0.07421875
5 0.8671875 0.503125 0.19453125 0.06328125
0 0.796875 0.56875 0.059375 0.07890625
1 0.2546875 0.7828125 0.4734375 0.24140625
3 0.0671875 0.71953125 0.071875 0.07109375
5 0.18515625 0.76796875 0.3140625 0.046875
0 0.0609375 0.8296875 0.07109375 0.059375
1 0.7515625 0.78046875 0.46640625 0.24609375
3 0.565625 0.71015625 0.075 0.0625
5 0.68984375 0.7734375 0.3265625 0.0671875
0 0.55546875 0.825 0.06875 0.08359375
2 0.5 0.9609375 1 0.07734375