4 0.16953125 0.0390625 0.3015625 0.078125
1 0.128125 0.23046875 0.24453125 0.265625
1 0.3765625 0.22890625 0.2359375 0.26640625
1 0.62421875 0.23359375 0.23359375 0.26796875
1 0.871875 0.234375 0.23359375 0.27265625
1 0.24921875 0.50703125 0.48359375 0.2609375
1 0.74765625 0.509375 0.475 0.24765625
3 0.06015625 0.17421875 0.0703125 0.0546875
3 0.30546875 0.16953125 0.05859375 0.05703125
3 0.55 0.16328125 0.05625 0.0546875
3 0.79921875 0.171875 0.06171875 0.06171875
3 0.059375 0.45859375 0.06484375 0.05859375
3 0.55625 0.4484375 0.0671875 0.05234375
0 0.0625 0.30546875 0.06640625 0.0640625
0 0.30703125 0.30390625 0.065625 0.075
0 0.54921875 0.30625 0.0546875 0.06484375
0 0.8015625 0.303125 0.07109375 0.05625
0 0.0578125 0.559375 0.0578125 0.0609375
0 0.54921875 0.55625 0.05703125 0.0515625
2 0.5 0.82109375 1 0.3578125
5 0.109375 0.23125 0.16640625 0.078125
5 0.36875 0.23515625 0.1890625 0.06796875
5 0.60703125 0.234375 0.17109375 0.078125
5 0.85703125 0.2296875 0.16953125 0.07578125
5 0.19140625 0.509375 0.33515625 0.06171875
5 0.675 0.503125 0.3046875 0.05703125