4 0.1265625 0.040625 0.22265625 0.08046875
1 0.1296875 0.23125 0.23828125 0.2671875
1 0.3734375 0.23203125 0.23671875 0.26484375
1 0.62109375 0.23203125 0.240625 0.26484375
1 0.871875 0.23203125 0.23515625 0.25703125
1 0.2515625 0.50703125 0.47578125 0.2390625
1 0.7484375 0.50546875 0.4796875 0.23515625
1 0.49921875 0.76953125 0.97734375 0.2453125
0 0.05390625 0.8234375 0.046875 0.06328125
0 0.05703125 0.55625 0.053125 0.05859375
0 0.5546875 0.55546875 0.06171875 0.0671875
0 0.79296875 0.303125 0.046875 0.06015625
0 0.553125 0.303125 0.06875 0.05546875
0 0.30078125 0.30546875 0.0515625 0.0609375
0 0.053125 0.30625 0.04921875 0.05546875
3 0.0609375 0.165625 0.06796875 0.0296875
3 0.303125 0.165625 0.05859375 0.04453125
3 0.55234375 0.1734375 0.0546875 0.04609375
3 0.80390625 0.16875 0.059375 0.0546875
3 0.5546875 0.44921875 0.05703125 0.05078125
3 0.05703125 0.71171875 0.04921875 0.05078125
3 0.0515625 0.45390625 0.05078125 0.04140625
5 0.11171875 0.2359375 0.16953125 0.06953125
5 0.35703125 0.2375 0.1625 0.06171875
5 0.61796875 0.23828125 0.18984375 0.06328125
5 0.6859375 0.50234375 0.32265625 0.05234375
5 0.88515625 0.23125 0.2296875 0.071875
5 0.17734375 0.50234375 0.296875 0.04921875
5 0.1765625 0.7671875 0.30703125 0.03046875
2 0.5 0.95234375 1 0.0953125