4 0.08828125 0.0421875 0.1359375 0.084375
1 0.25390625 0.21953125 0.48125 0.2390625
1 0.7484375 0.21953125 0.47421875 0.23984375
1 0.1296875 0.75546875 0.23203125 0.26796875
1 0.37734375 0.7578125 0.2296875 0.2734375
1 0.621875 0.76328125 0.2328125 0.28828125
1 0.86953125 0.75390625 0.2390625 0.26875
1 0.50234375 0.4796875 0.97734375 0.23203125
2 0.5 0.9734375 1 0.05234375
3 0.05859375 0.1703125 0.059375 0.0546875
3 0.5546875 0.15859375 0.0515625 0.034375
3 0.059375 0.42265625 0.05703125 0.04140625
3 0.05703125 0.68671875 0.05703125 0.0296875
3 0.3015625 0.69375 0.05078125 0.05
3 0.54453125 0.69140625 0.04140625 0.04140625
3 0.79921875 0.6859375 0.0484375 0.03828125
5 0.12578125 0.75390625 0.196875 0.0734375
5 0.365625 0.76015625 0.1796875 0.06015625
5 0.5984375 0.76875 0.1453125 0.0890625
5 0.85625 0.75703125 0.17421875 0.06484375
5 0.68515625 0.2171875 0.31015625 0.0421875
5 0.18359375 0.21796875 0.30625 0.0390625
0 0.06015625 0.2703125 0.0625 0.05078125
0 0.55859375 0.2703125 0.06953125 0.05078125
0 0.05546875 0.5328125 0.04609375 0.05859375
5 0.18125 0.48046875 0.29609375 0.028125
0 0.059375 0.828125 0.06328125 0.06171875
0 0.30859375 0.82265625 0.06328125 0.0421875
0 0.54921875 0.85625 0.0515625 0.06015625
0 0.80078125 0.82578125 0.06640625 0.04453125