4 0.18984375 0.046875 0.37421875 0.0734375
1 0.24296875 0.23046875 0.4859375 0.2296875
1 0.74765625 0.2203125 0.4671875 0.23671875
1 0.128125 0.509375 0.23359375 0.27890625
1 0.3734375 0.49609375 0.22734375 0.2671875
1 0.62109375 0.49375 0.228125 0.25234375
1 0.87265625 0.49609375 0.22734375 0.27578125
2 0.50078125 0.8390625 0.9953125 0.321875
3 0.06484375 0.15625 0.0703125 0.059375
5 0.1875 0.2109375 0.34140625 0.05390625
0 0.05703125 0.2671875 0.0609375 0.05
3 0.5515625 0.15625 0.07421875 0.046875
5 0.690625 0.209375 0.34453125 0.04140625
0 0.5609375 0.2671875 0.07421875 0.06953125
3 0.0640625 0.425 0.07265625 0.0421875
5 0.11953125 0.50703125 0.19375 0.090625
0 0.05859375 0.603125 0.071875 0.06484375
3 0.30546875 0.42421875 0.08203125 0.05546875
5 0.3671875 0.50078125 0.184375 0.06875
0 0.29765625 0.559375 0.05546875 0.05546875
3 0.55625 0.42421875 0.08203125 0.0640625
5 0.61796875 0.49921875 0.2078125 0.06484375
0 0.54765625 0.56953125 0.0453125 0.046875
3 0.8109375 0.425 0.08203125 0.03828125
5 0.8609375 0.48984375 0.18828125 0.07109375
0 0.80546875 0.565625 0.06015625 0.04765625