4 0.18046875 0.0421875 0.31328125 0.07734375
1 0.50078125 0.22265625 0.9765625 0.23515625
3 0.0515625 0.16640625 0.0484375 0.02890625
3 0.0578125 0.42578125 0.05546875 0.04375
3 0.55390625 0.4296875 0.04921875 0.046875
3 0.053125 0.6890625 0.05078125 0.04453125
3 0.30546875 0.68984375 0.05703125 0.06171875
3 0.553125 0.6921875 0.05859375 0.0515625
3 0.80078125 0.69140625 0.06171875 0.04140625
0 0.05390625 0.82578125 0.05234375 0.05859375
0 0.3078125 0.8265625 0.06640625 0.053125
0 0.546875 0.825 0.0515625 0.05625
0 0.8 0.8234375 0.0609375 0.0515625
0 0.559375 0.53203125 0.06796875 0.05625
0 0.059375 0.5296875 0.0625 0.053125
0 0.0609375 0.27421875 0.065625 0.05234375
5 0.178125 0.22109375 0.2921875 0.046875
5 0.18671875 0.478125 0.30859375 0.04609375
5 0.68671875 0.4734375 0.31875 0.04921875
5 0.14296875 0.7578125 0.234375 0.05859375
5 0.3671875 0.75546875 0.1828125 0.06875
5 0.61328125 0.7546875 0.18125 0.06015625
5 0.85859375 0.75625 0.17578125 0.0734375
2 0.5 0.95546875 1 0.0890625
1 0.253125 0.48203125 0.4875 0.24609375
1 0.74921875 0.48125 0.490625 0.24453125
1 0.62265625 0.759375 0.24453125 0.275
1 0.8703125 0.75703125 0.240625 0.275
1 0.375 0.75390625 0.2328125 0.2703125
1 0.12734375 0.75390625 0.240625 0.265625