4 0.11484375 0.040625 0.2296875 0.08125
1 0.2546875 0.2234375 0.48125 0.23359375
3 0.0640625 0.1546875 0.0828125 0.06640625
5 0.18203125 0.21328125 0.32421875 0.04453125
0 0.0625 0.271875 0.0796875 0.0640625
1 0.740625 0.22265625 0.46171875 0.2125
3 0.54765625 0.15859375 0.059375 0.05078125
5 0.68828125 0.20859375 0.34296875 0.05390625
0 0.55625 0.27109375 0.06171875 0.0765625
1 0.134375 0.503125 0.2296875 0.25703125
3 0.059375 0.42109375 0.0875 0.0625
5 0.12578125 0.48984375 0.20703125 0.07109375
0 0.0625 0.5640625 0.07421875 0.0546875
3 0.30625 0.42265625 0.08046875 0.0359375
5 0.3703125 0.50078125 0.2046875 0.07265625
0 0.3078125 0.56796875 0.0765625 0.05390625
1 0.38046875 0.49453125 0.23203125 0.26328125
1 0.62734375 0.4984375 0.22265625 0.2515625
3 0.5578125 0.43125 0.07421875 0.05
5 0.596875 0.49453125 0.16015625 0.08515625
0 0.55390625 0.565625 0.06796875 0.05859375
1 0.87109375 0.4953125 0.23359375 0.26953125
3 0.7921875 0.41640625 0.0640625 0.06796875
5 0.86015625 0.49296875 0.196875 0.07265625
0 0.80234375 0.56328125 0.0765625 0.05234375
1 0.5 0.78203125 0.98203125 0.22890625
3 0.05625 0.7109375 0.08046875 0.05390625
5 0.1953125 0.778125 0.3375 0.04765625
0 0.05234375 0.8234375 0.06796875 0.05234375
2 0.503125 0.95859375 0.99375 0.0828125