4 0.134375 0.0421875 0.225 0.0640625
1 0.25 0.21484375 0.47734375 0.2375
1 0.74765625 0.22109375 0.47421875 0.23984375
1 0.5 0.4828125 0.9796875 0.240625
1 0.25078125 0.73671875 0.47265625 0.234375
5 0.74765625 0.73359375 0.47734375 0.225
5 0.1796875 0.73984375 0.2984375 0.040625
5 0.678125 0.73828125 0.30390625 0.04140625
5 0.6734375 0.21796875 0.29609375 0.04140625
5 0.17890625 0.48203125 0.29765625 0.046875
5 0.18046875 0.2203125 0.2984375 0.0421875
0 0.053125 0.26875 0.0578125 0.05234375
0 0.56015625 0.26953125 0.065625 0.0515625
0 0.0546875 0.534375 0.04609375 0.0546875
0 0.05859375 0.790625 0.06015625 0.05234375
0 0.5515625 0.78984375 0.04453125 0.05078125
3 0.053125 0.165625 0.04765625 0.05546875
3 0.55703125 0.1640625 0.06171875 0.05234375
3 0.55234375 0.6828125 0.04609375 0.046875
3 0.0578125 0.6828125 0.05859375 0.0390625
3 0.0578125 0.4328125 0.0546875 0.04609375
2 0.5 0.93671875 1 0.1265625