4 0.1890625 0.0421875 0.36875 0.07421875
1 0.253125 0.228125 0.47734375 0.2328125
3 0.0703125 0.16015625 0.08359375 0.04375
5 0.20859375 0.21171875 0.359375 0.06328125
0 0.06328125 0.2671875 0.07890625 0.05
1 0.75078125 0.22890625 0.49296875 0.22578125
3 0.5578125 0.1640625 0.07421875 0.0515625
5 0.67890625 0.21015625 0.3234375 0.04765625
0 0.565625 0.265625 0.07734375 0.04765625
1 0.503125 0.4890625 0.97265625 0.228125
3 0.059375 0.421875 0.07109375 0.06484375
5 0.1875 0.4828125 0.32421875 0.05078125
0 0.0578125 0.53828125 0.05703125 0.06015625
1 0.1328125 0.75 0.2203125 0.26640625
3 0.07265625 0.68359375 0.096875 0.07109375
5 0.11328125 0.7515625 0.16796875 0.07265625
0 0.06015625 0.8296875 0.05859375 0.07890625
1 0.3765625 0.75703125 0.23046875 0.23671875
3 0.309375 0.69375 0.05625 0.0578125
5 0.3625 0.759375 0.1828125 0.05390625
0 0.3171875 0.834375 0.07578125 0.0734375
1 0.62578125 0.75703125 0.228125 0.2671875
3 0.5546875 0.68671875 0.0625 0.04453125
5 0.61640625 0.7546875 0.20390625 0.07890625
0 0.55546875 0.82734375 0.071875 0.06015625
1 0.865625 0.76171875 0.2328125 0.265625
3 0.809375 0.6828125 0.09609375 0.05625
5 0.85 0.7578125 0.1828125 0.05625
0 0.79765625 0.82421875 0.05 0.05859375
2 0.5046875 0.953125 0.98984375 0.09375