4 0.096875 0.0390625 0.14140625 0.0640625
1 0.25234375 0.215625 0.475 0.23203125
1 0.74921875 0.21796875 0.47265625 0.23359375
1 0.1296875 0.49375 0.2328125 0.259375
1 0.37578125 0.49609375 0.234375 0.2671875
1 0.625 0.48984375 0.23359375 0.265625
1 0.871875 0.4921875 0.23515625 0.26328125
1 0.2515625 0.76640625 0.47734375 0.23671875
1 0.75078125 0.76875 0.47578125 0.23984375
3 0.06171875 0.16015625 0.05859375 0.04140625
3 0.55703125 0.165625 0.05859375 0.04765625
3 0.303125 0.428125 0.0546875 0.04921875
3 0.803125 0.43125 0.06484375 0.05078125
3 0.559375 0.7078125 0.05859375 0.04921875
3 0.05546875 0.71015625 0.05703125 0.04375
3 0.05625 0.425 0.05546875 0.0390625
3 0.5625 0.4265625 0.07265625 0.04765625
5 0.1796875 0.2109375 0.29765625 0.04453125
5 0.6765625 0.21484375 0.30546875 0.0390625
5 0.12109375 0.49453125 0.18828125 0.06171875
5 0.36484375 0.490625 0.18359375 0.0578125
5 0.621875 0.49765625 0.19609375 0.0671875
5 0.85703125 0.4953125 0.16953125 0.05859375
5 0.18671875 0.7703125 0.3171875 0.04453125
5 0.671875 0.76796875 0.29296875 0.04375
0 0.0625 0.81796875 0.07109375 0.06328125
0 0.5546875 0.8171875 0.05859375 0.0578125
0 0.05625 0.56328125 0.05546875 0.06796875
0 0.30390625 0.5640625 0.05546875 0.05546875
0 0.5515625 0.56484375 0.053125 0.0578125
0 0.80078125 0.5640625 0.06796875 0.05859375
0 0.55625 0.26875 0.05546875 0.05625
0 0.06171875 0.27265625 0.06484375 0.05625
2 0.5 0.95546875 1 0.0890625