4 0.0875 0.03984375 0.12890625 0.07578125
1 0.5 0.21796875 0.9765625 0.2328125
1 0.25 0.4796875 0.47734375 0.23125
1 0.74921875 0.4796875 0.47421875 0.23828125
1 0.50234375 0.7421875 0.975 0.2375
3 0.05390625 0.1640625 0.06015625 0.04609375
3 0.053125 0.425 0.05390625 0.05625
3 0.559375 0.421875 0.06640625 0.04375
3 0.059375 0.6890625 0.06328125 0.05546875
5 0.171875 0.21953125 0.28203125 0.046875
5 0.178125 0.478125 0.29765625 0.0546875
5 0.67734375 0.478125 0.30859375 0.05
5 0.18125 0.73671875 0.3046875 0.04609375
0 0.06171875 0.27578125 0.06171875 0.05546875
0 0.059375 0.5265625 0.05859375 0.05703125
0 0.55390625 0.5265625 0.05703125 0.0609375
0 0.06484375 0.79375 0.071875 0.0546875
2 0.5 0.94453125 1 0.11015625