4 0.203125 0.03671875 0.40234375 0.0734375
1 0.5 0.21875 0.9859375 0.24296875
3 0.05859375 0.16953125 0.06875 0.05234375
5 0.19609375 0.21796875 0.346875 0.04765625
0 0.0671875 0.278125 0.08671875 0.0578125
1 0.1328125 0.49140625 0.23671875 0.27265625
3 0.059375 0.42265625 0.05390625 0.0515625
5 0.10859375 0.49375 0.171875 0.06796875
0 0.0578125 0.56484375 0.06171875 0.05234375
1 0.378125 0.4953125 0.23125 0.26953125
3 0.31328125 0.4265625 0.08125 0.059375
5 0.3703125 0.4921875 0.20078125 0.0703125
0 0.3078125 0.56640625 0.0546875 0.05
1 0.62578125 0.503125 0.2265625 0.2609375
3 0.56171875 0.4375 0.08046875 0.05234375
5 0.59765625 0.496875 0.1828125 0.0578125
0 0.553125 0.57109375 0.06640625 0.0640625
1 0.86875 0.49765625 0.23984375 0.26875
3 0.80234375 0.4328125 0.08359375 0.0578125
5 0.86015625 0.49453125 0.20078125 0.0703125
0 0.79296875 0.571875 0.04921875 0.04609375
1 0.253125 0.775 0.47734375 0.23515625
3 0.0578125 0.7140625 0.084375 0.05546875
5 0.1921875 0.7703125 0.321875 0.03671875
0 0.05625 0.81875 0.06484375 0.0515625
1 0.7484375 0.77109375 0.4859375 0.246875
3 0.553125 0.70703125 0.0703125 0.0546875
5 0.69140625 0.7671875 0.3625 0.0546875
0 0.5578125 0.825 0.0875 0.05
2 0.50234375 0.95390625 0.9953125 0.0921875