4 0.13359375 0.03984375 0.21953125 0.06875
1 0.2484375 0.21484375 0.47734375 0.23828125
1 0.74921875 0.21796875 0.47578125 0.221875
1 0.3765625 0.490625 0.23203125 0.2609375
1 0.62421875 0.4921875 0.23203125 0.259375
1 0.86875 0.4890625 0.2359375 0.275
1 0.5 0.771875 0.978125 0.23203125
1 0.1296875 0.49375 0.2328125 0.2703125
3 0.0578125 0.16640625 0.05546875 0.05703125
3 0.55390625 0.16171875 0.05859375 0.04453125
3 0.546875 0.42421875 0.04296875 0.040625
3 0.79609375 0.421875 0.05546875 0.046875
3 0.053125 0.72109375 0.04296875 0.04453125
3 0.05546875 0.4265625 0.06640625 0.06640625
5 0.17265625 0.21640625 0.28828125 0.0375
5 0.68515625 0.2234375 0.321875 0.04765625
5 0.62265625 0.4953125 0.19609375 0.05625
5 0.87421875 0.496875 0.20234375 0.0515625
5 0.35859375 0.496875 0.17109375 0.05859375
5 0.1875 0.76796875 0.32109375 0.03984375
5 0.12578125 0.4984375 0.19921875 0.06875
0 0.06015625 0.82265625 0.06171875 0.05859375
0 0.0640625 0.5671875 0.0640625 0.0546875
0 0.3046875 0.5640625 0.06015625 0.05859375
0 0.55546875 0.5640625 0.071875 0.05625
3 0.303125 0.42734375 0.05390625 0.0546875
0 0.059375 0.26796875 0.06953125 0.0640625
0 0.5578125 0.26875 0.06484375 0.06015625
0 0.79921875 0.56484375 0.06015625 0.0578125