4 0.08515625 0.04375 0.12890625 0.07734375
1 0.4984375 0.225 0.9859375 0.24765625
1 0.25 0.4796875 0.47421875 0.23046875
1 0.75 0.47890625 0.47734375 0.23828125
1 0.12890625 0.75859375 0.2328125 0.275
1 0.3765625 0.75625 0.2390625 0.25625
1 0.62265625 0.75625 0.23671875 0.25625
1 0.8703125 0.75546875 0.23203125 0.26484375
3 0.06015625 0.68828125 0.065625 0.03359375
3 0.3 0.69140625 0.04921875 0.059375
3 0.55625 0.6875 0.06171875 0.05078125
3 0.79453125 0.69296875 0.0671875 0.0421875
3 0.5546875 0.42421875 0.05625 0.04609375
3 0.05859375 0.4296875 0.059375 0.046875
3 0.06171875 0.1640625 0.0625 0.02890625
5 0.18125 0.225 0.3046875 0.0625
5 0.18125 0.47578125 0.30078125 0.0484375
5 0.69140625 0.47734375 0.325 0.0421875
5 0.11328125 0.7578125 0.16875 0.06171875
5 0.36796875 0.75625 0.1890625 0.0625
5 0.603125 0.753125 0.1625 0.06640625
5 0.86875 0.75703125 0.2015625 0.0640625
0 0.05703125 0.8234375 0.05546875 0.06640625
0 0.3046875 0.828125 0.0625 0.06640625
0 0.5453125 0.8234375 0.040625 0.06171875
0 0.803125 0.825 0.0609375 0.06484375
0 0.56015625 0.5234375 0.07109375 0.04921875
0 0.05390625 0.53046875 0.053125 0.05078125
0 0.0640625 0.275 0.06484375 0.0625
2 0.5015625 0.95234375 0.996875 0.0953125