4 0.09375 0.03984375 0.140625 0.0796875
1 0.5 0.22109375 0.97734375 0.24375
1 0.25234375 0.475 0.48125 0.234375
1 0.746875 0.48046875 0.47890625 0.22734375
1 0.621875 0.75390625 0.2359375 0.26171875
1 0.8703125 0.7515625 0.234375 0.26171875
1 0.37265625 0.75234375 0.234375 0.278125
1 0.128125 0.7515625 0.23671875 0.271875
3 0.3015625 0.6875 0.05546875 0.046875
3 0.79765625 0.69296875 0.05703125 0.06640625
3 0.559375 0.68828125 0.07734375 0.03828125
3 0.5453125 0.4234375 0.03828125 0.04453125
3 0.065625 0.69296875 0.0765625 0.06171875
3 0.05390625 0.1671875 0.04765625 0.028125
3 0.0515625 0.421875 0.046875 0.03515625
5 0.675 0.47734375 0.30859375 0.0359375
5 0.85078125 0.75546875 0.165625 0.06640625
5 0.6203125 0.75703125 0.2015625 0.078125
5 0.378125 0.7546875 0.2 0.06015625
5 0.11796875 0.75390625 0.178125 0.06875
5 0.18125 0.47734375 0.303125 0.0375
5 0.19375 0.2234375 0.3328125 0.04140625
0 0.06015625 0.27890625 0.0625 0.06015625
0 0.06015625 0.53203125 0.0625 0.06875
0 0.559375 0.5296875 0.071875 0.059375
0 0.05546875 0.82265625 0.04921875 0.05546875
0 0.303125 0.82578125 0.0671875 0.0625
0 0.553125 0.82265625 0.05546875 0.06484375
0 0.8 0.828125 0.06328125 0.06640625
2 0.5015625 0.95546875 0.996875 0.0859375