4 0.15859375 0.04140625 0.27578125 0.0734375
1 0.25 0.2140625 0.475 0.2484375
1 0.74609375 0.21875 0.478125 0.234375
1 0.49921875 0.4796875 0.9734375 0.2328125
1 0.128125 0.753125 0.23359375 0.26484375
1 0.3765625 0.75703125 0.23046875 0.26328125
1 0.62109375 0.7515625 0.2359375 0.2609375
3 0.053125 0.16640625 0.05703125 0.0515625
3 0.55390625 0.16953125 0.05546875 0.03984375
3 0.303125 0.690625 0.05703125 0.04375
3 0.54609375 0.68984375 0.053125 0.046875
3 0.790625 0.69296875 0.05 0.053125
3 0.0484375 0.6953125 0.04453125 0.053125
5 0.68671875 0.21875 0.32578125 0.0359375
5 0.175 0.21796875 0.30234375 0.03515625
5 0.12734375 0.75390625 0.20390625 0.0578125
5 0.184375 0.4765625 0.315625 0.01796875
5 0.37109375 0.75703125 0.1953125 0.06875
5 0.60234375 0.75234375 0.159375 0.06015625
5 0.86328125 0.75234375 0.184375 0.06484375
0 0.0609375 0.828125 0.0640625 0.06796875
0 0.30625 0.8234375 0.071875 0.06171875
0 0.553125 0.82421875 0.06171875 0.059375
0 0.8015625 0.82109375 0.0609375 0.053125
0 0.5515625 0.26796875 0.053125 0.0578125
0 0.06171875 0.53125 0.06875 0.0578125
0 0.06171875 0.2703125 0.0625 0.04921875
2 0.50078125 0.95703125 0.9984375 0.0859375