4 0.090625 0.04296875 0.178125 0.06953125
1 0.49921875 0.228125 0.9984375 0.2234375
3 0.06484375 0.16640625 0.08125 0.0421875
5 0.2 0.21953125 0.36015625 0.04140625
0 0.0703125 0.275 0.0703125 0.04609375
1 0.24375 0.484375 0.48671875 0.22421875
3 0.05 0.4234375 0.071875 0.05390625
5 0.17890625 0.47578125 0.3234375 0.05234375
0 0.0609375 0.53671875 0.07109375 0.04765625
1 0.7546875 0.48046875 0.490625 0.2203125
3 0.55546875 0.415625 0.0609375 0.0578125
5 0.68203125 0.478125 0.33515625 0.0375
0 0.5671875 0.53515625 0.0734375 0.06953125
1 0.12890625 0.75703125 0.240625 0.2671875
3 0.06875 0.68828125 0.08125 0.0609375
5 0.1328125 0.76015625 0.209375 0.0515625
0 0.06328125 0.83671875 0.07578125 0.05859375
1 0.37734375 0.753125 0.23125 0.259375
3 0.30390625 0.68515625 0.0578125 0.05078125
5 0.36875 0.75234375 0.18671875 0.06875
0 0.30078125 0.82578125 0.05078125 0.05234375
1 0.62265625 0.75234375 0.23125 0.25703125
3 0.55703125 0.68828125 0.06328125 0.0609375
5 0.62734375 0.7578125 0.2375 0.06484375
0 0.5578125 0.8234375 0.06796875 0.04609375
1 0.875 0.753125 0.215625 0.27421875
3 0.8046875 0.67890625 0.0625 0.071875
5 0.84609375 0.759375 0.14921875 0.0734375
0 0.80078125 0.83046875 0.0703125 0.05078125
2 0.50078125 0.95859375 0.9984375 0.0828125