4 0.16015625 0.04453125 0.30078125 0.078125
1 0.50625 0.23046875 0.9828125 0.22734375
3 0.06796875 0.16328125 0.09375 0.06875
5 0.19375 0.221875 0.36015625 0.03671875
0 0.06015625 0.27578125 0.0671875 0.0671875
1 0.25390625 0.4859375 0.4796875 0.2375
3 0.05703125 0.41796875 0.08515625 0.05703125
5 0.20234375 0.46796875 0.35078125 0.04609375
0 0.0546875 0.525 0.05625 0.06796875
1 0.75234375 0.48203125 0.4765625 0.21875
3 0.56796875 0.4234375 0.08828125 0.05390625
5 0.6859375 0.47890625 0.34296875 0.0390625
0 0.559375 0.53046875 0.06796875 0.0640625
1 0.13203125 0.7734375 0.228125 0.2890625
3 0.0625 0.68125 0.07421875 0.05234375
5 0.1125 0.7640625 0.18046875 0.09140625
0 0.06875 0.86015625 0.0765625 0.06796875
1 0.37578125 0.7578125 0.22578125 0.234375
3 0.30859375 0.68125 0.0703125 0.05234375
5 0.36328125 0.746875 0.1984375 0.08671875
0 0.30703125 0.8234375 0.065625 0.05703125
1 0.62578125 0.75390625 0.2203125 0.265625
3 0.55703125 0.68046875 0.07421875 0.06484375
5 0.61953125 0.74921875 0.2 0.08203125
0 0.56328125 0.8296875 0.0640625 0.040625
1 0.86875 0.7578125 0.23359375 0.25859375
3 0.7984375 0.684375 0.090625 0.04921875
5 0.86328125 0.76015625 0.21015625 0.05625
0 0.7984375 0.82734375 0.0640625 0.04921875
2 0.50234375 0.96171875 0.9953125 0.0765625