4 0.1265625 0.0390625 0.209375 0.0734375
1 0.1296875 0.2328125 0.22890625 0.2671875
1 0.37578125 0.234375 0.23828125 0.2609375
1 0.62421875 0.23046875 0.23671875 0.26796875
1 0.87265625 0.246875 0.234375 0.29609375
1 0.5 0.5421875 0.9796875 0.21953125
1 0.25078125 0.7984375 0.47734375 0.24375
1 0.746875 0.80078125 0.48359375 0.2390625
3 0.30234375 0.1703125 0.05703125 0.04609375
3 0.059375 0.165625 0.05703125 0.03125
3 0.553125 0.1765625 0.0671875 0.0546875
3 0.79921875 0.17421875 0.05703125 0.03984375
3 0.04921875 0.7484375 0.05078125 0.06640625
3 0.5546875 0.7484375 0.06171875 0.0484375
3 0.0546875 0.4828125 0.05390625 0.0375
5 0.36484375 0.23828125 0.19296875 0.0703125
5 0.6140625 0.2328125 0.1859375 0.06015625
5 0.8671875 0.25390625 0.18984375 0.09765625
5 0.16328125 0.53828125 0.27265625 0.03359375
5 0.6640625 0.79921875 0.2796875 0.03828125
5 0.18125 0.8 0.3125 0.04453125
5 0.109375 0.2328125 0.16484375 0.06171875
0 0.0625 0.85234375 0.071875 0.06171875
0 0.55703125 0.85234375 0.0609375 0.05703125
0 0.30390625 0.30703125 0.0546875 0.053125
0 0.5546875 0.30234375 0.0703125 0.0640625
0 0.8 0.33671875 0.06328125 0.059375
0 0.06171875 0.5953125 0.065625 0.06015625
0 0.059375 0.30703125 0.0609375 0.0625
2 0.5 0.96015625 1 0.0796875