4 0.14609375 0.040625 0.2921875 0.08125
1 0.49921875 0.22109375 0.9921875 0.2234375
3 0.0546875 0.159375 0.05625 0.05234375
5 0.19375 0.21953125 0.33671875 0.04140625
0 0.06328125 0.271875 0.06171875 0.059375
1 0.25078125 0.4765625 0.484375 0.2375
3 0.05078125 0.41796875 0.0625 0.0765625
5 0.1875 0.48125 0.3328125 0.04921875
0 0.06015625 0.53984375 0.07578125 0.06015625
1 0.7515625 0.4859375 0.48515625 0.24609375
3 0.565625 0.41953125 0.06640625 0.04609375
5 0.68671875 0.47578125 0.334375 0.0375
0 0.56328125 0.53828125 0.0765625 0.0515625
1 0.13125 0.75234375 0.23671875 0.271875
3 0.05546875 0.68125 0.08203125 0.04765625
5 0.1109375 0.74609375 0.17734375 0.0953125
0 0.06328125 0.82890625 0.0640625 0.053125
1 0.378125 0.75546875 0.2359375 0.25859375
3 0.30546875 0.6828125 0.071875 0.03671875
5 0.37109375 0.74921875 0.196875 0.0671875
0 0.29765625 0.8234375 0.06640625 0.0609375
1 0.6234375 0.75703125 0.2234375 0.2625
3 0.559375 0.68203125 0.0765625 0.034375
5 0.6015625 0.753125 0.18515625 0.0703125
1 0.86953125 0.75546875 0.24765625 0.271875
3 0.79609375 0.6875 0.0625 0.05234375
5 0.8640625 0.75625 0.19296875 0.0703125
0 0.79296875 0.828125 0.053125 0.06171875
0 0.55546875 0.82890625 0.06796875 0.0703125
2 0.496875 0.9515625 0.9875 0.096875