4 0.09921875 0.04375 0.15859375 0.06328125
1 0.50234375 0.21171875 0.98046875 0.19921875
3 0.06328125 0.1625 0.07578125 0.0578125
5 0.1828125 0.2171875 0.309375 0.04140625
0 0.0609375 0.27734375 0.05234375 0.0515625
1 0.13203125 0.49296875 0.23515625 0.27421875
3 0.059375 0.428125 0.059375 0.04375
5 0.121875 0.49296875 0.2046875 0.0765625
0 0.0640625 0.56328125 0.06171875 0.04375
1 0.3765625 0.48671875 0.2328125 0.2671875
3 0.2984375 0.41875 0.06875 0.04375
5 0.37109375 0.4859375 0.2109375 0.071875
0 0.30625 0.5640625 0.06171875 0.05859375
1 0.6265625 0.4953125 0.225 0.2609375
3 0.55 0.42109375 0.06015625 0.05390625
5 0.62421875 0.49375 0.20859375 0.0640625
0 0.5578125 0.5671875 0.065625 0.07109375
1 0.86875 0.49453125 0.21953125 0.2484375
3 0.8046875 0.4203125 0.08359375 0.04765625
5 0.853125 0.496875 0.16640625 0.06953125
0 0.803125 0.56484375 0.07734375 0.05234375
1 0.24609375 0.76875 0.4921875 0.246875
3 0.065625 0.7109375 0.06875 0.05
5 0.1875 0.771875 0.3046875 0.0359375
0 0.06484375 0.82265625 0.06796875 0.05078125
1 0.753125 0.77578125 0.475 0.2265625
3 0.5640625 0.7140625 0.06796875 0.046875
5 0.66953125 0.76015625 0.2890625 0.0515625
0 0.56484375 0.82265625 0.0734375 0.059375
2 0.50390625 0.95390625 0.9921875 0.0921875