4 0.15859375 0.04375 0.259375 0.0671875
1 0.49296875 0.23046875 0.97734375 0.2234375
3 0.06328125 0.16875 0.084375 0.0265625
5 0.20390625 0.2203125 0.3578125 0.034375
0 0.05390625 0.27890625 0.06484375 0.03828125
1 0.2546875 0.4796875 0.46953125 0.234375
3 0.0546875 0.4171875 0.0703125 0.05546875
5 0.19609375 0.4765625 0.3453125 0.04375
0 0.06875 0.52734375 0.08671875 0.05390625
1 0.7515625 0.4796875 0.48515625 0.234375
3 0.5671875 0.4234375 0.08046875 0.0578125
5 0.6734375 0.484375 0.31015625 0.0640625
0 0.5546875 0.53671875 0.06953125 0.04296875
1 0.13359375 0.75546875 0.23125 0.26328125
3 0.0578125 0.68125 0.06328125 0.04765625
5 0.1140625 0.753125 0.1578125 0.065625
0 0.05546875 0.82734375 0.0515625 0.0453125
1 0.3796875 0.75546875 0.234375 0.28203125
3 0.30234375 0.68046875 0.06328125 0.05625
5 0.3625 0.74921875 0.1828125 0.0625
0 0.30546875 0.8265625 0.06015625 0.0390625
1 0.6296875 0.75390625 0.22578125 0.25078125
3 0.5515625 0.6875 0.06328125 0.05078125
5 0.62734375 0.75546875 0.20078125 0.0609375
0 0.56015625 0.83203125 0.05234375 0.059375
1 0.8765625 0.75703125 0.23046875 0.27578125
3 0.79609375 0.6828125 0.06640625 0.05625
5 0.87890625 0.75390625 0.21015625 0.07265625
0 0.80859375 0.821875 0.07109375 0.06328125
2 0.50390625 0.95546875 0.99140625 0.0890625