4 0.09140625 0.046875 0.14453125 0.06484375
1 0.13046875 0.234375 0.234375 0.27421875
3 0.0671875 0.15703125 0.0703125 0.065625
5 0.11640625 0.23515625 0.18828125 0.059375
0 0.0625 0.30703125 0.0671875 0.0625
1 0.3796875 0.246875 0.23125 0.29453125
3 0.31171875 0.1671875 0.07109375 0.04453125
5 0.3734375 0.2375 0.19921875 0.0734375
0 0.3125 0.33515625 0.0765625 0.07109375
1 0.62734375 0.23515625 0.22890625 0.27578125
3 0.540625 0.1640625 0.0421875 0.06640625
5 0.64375 0.23203125 0.2375 0.06640625
0 0.559375 0.3078125 0.06015625 0.0453125
1 0.8734375 0.2421875 0.22734375 0.25078125
3 0.7953125 0.17265625 0.06796875 0.04921875
5 0.86875 0.2359375 0.20078125 0.065625
0 0.80859375 0.30859375 0.0828125 0.075
1 0.25625 0.5375 0.4734375 0.24296875
3 0.06640625 0.4703125 0.07578125 0.0453125
5 0.1859375 0.53359375 0.31015625 0.065625
0 0.0765625 0.59140625 0.08125 0.0421875
1 0.74921875 0.53359375 0.48359375 0.23046875
3 0.5609375 0.471875 0.07109375 0.0453125
5 0.6921875 0.54453125 0.33046875 0.0546875
0 0.55625 0.58203125 0.078125 0.05234375
2 0.50703125 0.83828125 0.9859375 0.3234375