4 0.09453125 0.04296875 0.15859375 0.05078125
1 0.25 0.221875 0.48046875 0.23984375
3 0.06796875 0.16328125 0.0765625 0.06015625
5 0.1765625 0.2234375 0.3109375 0.05546875
0 0.059375 0.2734375 0.09375 0.053125
1 0.74765625 0.21875 0.47890625 0.2390625
3 0.559375 0.1546875 0.06875 0.0578125
5 0.6875 0.21015625 0.31796875 0.04765625
0 0.55625 0.27578125 0.05625 0.05859375
1 0.5 0.48828125 0.98046875 0.221875
3 0.06171875 0.42890625 0.07109375 0.04609375
5 0.19140625 0.4765625 0.3359375 0.025
0 0.05546875 0.5328125 0.0578125 0.0359375
1 0.1328125 0.76015625 0.23984375 0.28359375
3 0.059375 0.68984375 0.05390625 0.05
5 0.11328125 0.7546875 0.18671875 0.0828125
0 0.06640625 0.83671875 0.0734375 0.05859375
1 0.3796875 0.76328125 0.2359375 0.259375
3 0.3 0.6796875 0.071875 0.05859375
5 0.38125 0.75234375 0.20859375 0.06875
0 0.31015625 0.8296875 0.0671875 0.059375
1 0.62578125 0.75546875 0.228125 0.2546875
3 0.56015625 0.684375 0.06953125 0.0421875
5 0.625 0.75078125 0.21015625 0.06640625
0 0.5609375 0.8234375 0.0828125 0.05234375
1 0.8671875 0.75546875 0.22421875 0.2515625
3 0.80703125 0.68671875 0.078125 0.053125
5 0.86484375 0.7484375 0.22421875 0.07109375
0 0.79921875 0.82890625 0.05 0.053125
2 0.5 0.95390625 1 0.0921875