4 0.09453125 0.0390625 0.15 0.07265625
1 0.24921875 0.225 0.478125 0.24609375
3 0.06640625 0.1640625 0.075 0.06171875
5 0.2078125 0.221875 0.36796875 0.05546875
0 0.0671875 0.27265625 0.071875 0.06171875
1 0.7515625 0.21953125 0.478125 0.2453125
3 0.559375 0.1609375 0.0734375 0.06484375
5 0.690625 0.2125 0.33359375 0.0515625
0 0.55625 0.265625 0.0703125 0.0671875
1 0.5 0.4875 0.9859375 0.2390625
3 0.05703125 0.41875 0.0828125 0.06328125
5 0.2015625 0.47578125 0.35546875 0.0421875
0 0.065625 0.54296875 0.07890625 0.0421875
1 0.1234375 0.75234375 0.22734375 0.253125
3 0.05625 0.678125 0.0796875 0.05078125
5 0.11328125 0.75 0.18984375 0.06484375
0 0.0609375 0.8234375 0.0734375 0.05703125
1 0.375 0.7625 0.23125 0.26484375
3 0.3109375 0.68203125 0.06875 0.04296875
5 0.37265625 0.74765625 0.1953125 0.084375
0 0.31484375 0.8328125 0.06796875 0.05078125
1 0.62890625 0.7546875 0.2375 0.2671875
3 0.5609375 0.68515625 0.090625 0.0359375
5 0.61640625 0.7515625 0.19296875 0.0625
0 0.55859375 0.8234375 0.075 0.05703125
1 0.87421875 0.7640625 0.23984375 0.2609375
3 0.80390625 0.6921875 0.078125 0.053125
5 0.86015625 0.7578125 0.1859375 0.06484375
0 0.803125 0.825 0.0703125 0.0546875
2 0.503125 0.95546875 0.99375 0.0859375