4 0.20390625 0.04140625 0.3875 0.06796875
1 0.25 0.21796875 0.48828125 0.24140625
3 0.05859375 0.159375 0.05546875 0.04765625
5 0.1921875 0.21484375 0.33671875 0.0421875
0 0.0609375 0.27265625 0.090625 0.065625
1 0.75390625 0.215625 0.48203125 0.25625
3 0.55625 0.1546875 0.06171875 0.06640625
5 0.6890625 0.21953125 0.32734375 0.05625
0 0.5625 0.26953125 0.08046875 0.06875
1 0.496875 0.4875 0.98515625 0.2390625
3 0.0625 0.4234375 0.08515625 0.05390625
5 0.1859375 0.47890625 0.31328125 0.0390625
0 0.06328125 0.53671875 0.0640625 0.04375
2 0.5 0.80234375 1 0.3953125