4 0.165625 0.0421875 0.328125 0.084375
1 0.5078125 0.215625 0.984375 0.22890625
3 0.059375 0.1640625 0.05625 0.04296875
5 0.1859375 0.21875 0.32109375 0.05
0 0.0671875 0.2796875 0.0734375 0.05546875
1 0.253125 0.47734375 0.48046875 0.25859375
3 0.059375 0.41953125 0.07890625 0.04140625
5 0.19453125 0.47734375 0.33515625 0.03125
0 0.06796875 0.53046875 0.09296875 0.0640625
1 0.74609375 0.47421875 0.48671875 0.23359375
3 0.553125 0.4234375 0.0640625 0.05390625
5 0.69140625 0.475 0.32734375 0.02109375
0 0.5578125 0.53125 0.0640625 0.046875
1 0.13125 0.75390625 0.23671875 0.2609375
3 0.0640625 0.67890625 0.07265625 0.05234375
5 0.11875 0.74921875 0.1890625 0.0671875
0 0.0609375 0.82578125 0.07109375 0.0609375
1 0.38125 0.75546875 0.234375 0.2546875
3 0.29453125 0.684375 0.05859375 0.04453125
5 0.36796875 0.75703125 0.19375 0.0734375
0 0.30546875 0.8296875 0.071875 0.0640625
1 0.6265625 0.7578125 0.2328125 0.25859375
3 0.55546875 0.68828125 0.07734375 0.0421875
5 0.60703125 0.7453125 0.1640625 0.07421875
0 0.55859375 0.825 0.06640625 0.05
1 0.87109375 0.7515625 0.23515625 0.265625
3 0.8 0.6875 0.07109375 0.0546875
5 0.8703125 0.7546875 0.20703125 0.0546875
0 0.79453125 0.82421875 0.05234375 0.0484375
2 0.503125 0.9484375 0.99375 0.1