4 0.19140625 0.0421875 0.33515625 0.075
1 0.25078125 0.21640625 0.4796875 0.240625
1 0.746875 0.21796875 0.478125 0.24296875
1 0.50078125 0.48515625 0.9765625 0.23515625
1 0.13046875 0.75078125 0.2359375 0.259375
1 0.3765625 0.75390625 0.23359375 0.265625
1 0.625 0.7546875 0.2296875 0.26796875
1 0.87578125 0.753125 0.2484375 0.265625
3 0.0546875 0.16640625 0.053125 0.0515625
3 0.55546875 0.16640625 0.0609375 0.0484375
3 0.05234375 0.68359375 0.0546875 0.03828125
3 0.0546875 0.43203125 0.05625 0.04375
3 0.30078125 0.6875 0.0515625 0.0328125
3 0.5515625 0.69140625 0.05859375 0.03515625
3 0.7953125 0.68828125 0.04609375 0.03828125
5 0.171875 0.21640625 0.290625 0.04140625
5 0.671875 0.21953125 0.290625 0.04375
5 0.109375 0.75625 0.171875 0.07265625
5 0.17734375 0.478125 0.2984375 0.02421875
5 0.36640625 0.75 0.18828125 0.075
5 0.61796875 0.75234375 0.19375 0.0703125
5 0.84921875 0.75390625 0.165625 0.06875
0 0.80078125 0.825 0.0625 0.06015625
0 0.54765625 0.271875 0.046875 0.06015625
0 0.309375 0.82578125 0.065625 0.059375
0 0.55546875 0.8265625 0.06640625 0.05703125
0 0.0609375 0.828125 0.059375 0.0578125
0 0.0609375 0.53203125 0.06484375 0.0515625
0 0.05625 0.271875 0.05234375 0.06015625
2 0.5 0.95703125 1 0.0859375