4 0.09140625 0.04375 0.14921875 0.0671875
1 0.125 0.234375 0.2359375 0.265625
3 0.06796875 0.1609375 0.0796875 0.0453125
5 0.13046875 0.23203125 0.19921875 0.08828125
0 0.06640625 0.309375 0.07734375 0.0578125
1 0.38125 0.240625 0.23046875 0.26796875
3 0.30859375 0.15546875 0.075 0.06796875
5 0.3703125 0.22734375 0.20078125 0.071875
0 0.30546875 0.3125 0.065625 0.06796875
1 0.62109375 0.2578125 0.221875 0.2921875
3 0.5546875 0.1609375 0.05859375 0.0453125
5 0.6203125 0.25234375 0.2046875 0.07890625
0 0.55234375 0.33671875 0.071875 0.05390625
1 0.871875 0.2359375 0.2421875 0.28203125
3 0.8078125 0.153125 0.08125 0.05390625
5 0.85234375 0.2328125 0.18515625 0.07265625
0 0.8015625 0.3046875 0.0578125 0.05234375
1 0.25078125 0.540625 0.48671875 0.2484375
3 0.065625 0.4765625 0.08125 0.05859375
5 0.1859375 0.5359375 0.31015625 0.04140625
0 0.06484375 0.5953125 0.0734375 0.05390625
1 0.74921875 0.5296875 0.49609375 0.23125
3 0.546875 0.4859375 0.0453125 0.05234375
5 0.684375 0.53515625 0.3265625 0.0265625
0 0.56171875 0.59375 0.08203125 0.04609375
2 0.49765625 0.8421875 0.9953125 0.315625