4 0.18125 0.0390625 0.35703125 0.07734375
1 0.12890625 0.2390625 0.23984375 0.2640625
3 0.0625 0.165625 0.0703125 0.04375
5 0.125 0.23203125 0.20703125 0.0578125
0 0.05234375 0.309375 0.0546875 0.0578125
1 0.3765625 0.23046875 0.2265625 0.2765625
3 0.30625 0.16328125 0.06484375 0.05546875
5 0.3671875 0.2328125 0.1953125 0.06796875
0 0.309375 0.30390625 0.07890625 0.065625
1 0.62421875 0.234375 0.228125 0.28125
3 0.559375 0.16015625 0.07109375 0.05859375
5 0.61953125 0.23359375 0.20234375 0.065625
0 0.55703125 0.30859375 0.06328125 0.05546875
1 0.871875 0.2296875 0.2375 0.2796875
3 0.79609375 0.15625 0.04921875 0.05546875
5 0.85859375 0.23671875 0.17734375 0.0671875
0 0.7921875 0.303125 0.06484375 0.059375
1 0.2421875 0.5140625 0.4734375 0.246875
3 0.059375 0.44765625 0.06875 0.03984375
5 0.18046875 0.50234375 0.31875 0.0421875
0 0.0578125 0.56015625 0.06796875 0.06171875
1 0.74453125 0.515625 0.49140625 0.2328125
3 0.55625 0.4515625 0.0671875 0.03203125
5 0.678125 0.5046875 0.32890625 0.0421875
0 0.55703125 0.5609375 0.06328125 0.06796875
1 0.50078125 0.7828125 0.978125 0.2265625
3 0.053125 0.71171875 0.06015625 0.040625
5 0.18828125 0.759375 0.34296875 0.04921875
0 0.06953125 0.8328125 0.0890625 0.0421875
2 0.50390625 0.95546875 0.99140625 0.0890625