4 0.08359375 0.040625 0.15 0.0703125
1 0.1296875 0.2390625 0.23125 0.2453125
3 0.05703125 0.16875 0.06953125 0.04140625
5 0.12265625 0.234375 0.1921875 0.053125
0 0.06171875 0.315625 0.071875 0.06484375
1 0.38125 0.2328125 0.23203125 0.28046875
3 0.31171875 0.15625 0.07734375 0.07890625
5 0.38046875 0.23203125 0.2109375 0.06171875
0 0.31171875 0.30546875 0.07109375 0.06953125
1 0.625 0.23671875 0.21953125 0.26015625
3 0.55078125 0.16640625 0.05078125 0.046875
5 0.61875 0.234375 0.19765625 0.053125
0 0.54765625 0.30234375 0.0453125 0.053125
1 0.8703125 0.234375 0.22734375 0.2765625
3 0.81015625 0.15625 0.07578125 0.05546875
5 0.865625 0.234375 0.19453125 0.06171875
0 0.80546875 0.303125 0.07734375 0.059375
1 0.50703125 0.521875 0.9859375 0.23125
3 0.0609375 0.45625 0.0796875 0.0375
5 0.2015625 0.50546875 0.36328125 0.04375
0 0.065625 0.56796875 0.05859375 0.07265625
1 0.2546875 0.77421875 0.4859375 0.22890625
3 0.046875 0.70703125 0.0546875 0.0609375
5 0.1859375 0.76328125 0.33203125 0.0421875
0 0.05859375 0.828125 0.05546875 0.07109375
1 0.75390625 0.77421875 0.4796875 0.22890625
3 0.55546875 0.7078125 0.07109375 0.05703125
5 0.68359375 0.7703125 0.32265625 0.05546875
0 0.55625 0.8234375 0.05859375 0.05234375
2 0.50078125 0.95546875 0.9984375 0.0890625