4 0.165625 0.04609375 0.28203125 0.08203125
1 0.25078125 0.21328125 0.4765625 0.23828125
1 0.74609375 0.21640625 0.48125 0.23515625
1 0.4984375 0.4828125 0.978125 0.228125
1 0.128125 0.75390625 0.234375 0.271875
1 0.375 0.7515625 0.23671875 0.275
1 0.62265625 0.7515625 0.23984375 0.2609375
1 0.8703125 0.7515625 0.2375 0.25703125
2 0.5 0.95390625 1 0.0921875
3 0.05 0.1640625 0.05546875 0.0484375
3 0.54921875 0.16484375 0.05390625 0.0546875
3 0.0578125 0.68515625 0.06796875 0.04140625
3 0.30625 0.68515625 0.07109375 0.046875
3 0.5546875 0.69140625 0.06484375 0.04921875
3 0.7984375 0.69296875 0.05546875 0.05703125
3 0.053125 0.421875 0.04765625 0.0359375
5 0.684375 0.2140625 0.3140625 0.046875
5 0.1796875 0.21640625 0.30625 0.04140625
5 0.175 0.47578125 0.296875 0.03359375
5 0.12890625 0.7515625 0.203125 0.06640625
5 0.3703125 0.7484375 0.1921875 0.0578125
5 0.61875 0.753125 0.20234375 0.04453125
5 0.8515625 0.75625 0.16640625 0.0578125
0 0.5578125 0.2703125 0.071875 0.0625
0 0.06328125 0.26796875 0.07890625 0.0578125
0 0.059375 0.82578125 0.065625 0.05703125
0 0.29609375 0.825 0.04453125 0.05546875
0 0.54765625 0.82578125 0.05078125 0.0625
0 0.796875 0.82578125 0.0625 0.06171875
0 0.05625 0.53125 0.0515625 0.0578125