4 0.2 0.03984375 0.359375 0.075
1 0.503125 0.22421875 0.978125 0.23046875
1 0.37421875 0.4890625 0.23671875 0.26796875
1 0.6234375 0.4890625 0.23515625 0.26328125
1 0.86953125 0.49296875 0.23671875 0.2703125
1 0.74765625 0.7703125 0.484375 0.23671875
1 0.25078125 0.76953125 0.48203125 0.2296875
1 0.1296875 0.49296875 0.23515625 0.26953125
3 0.3015625 0.42421875 0.053125 0.046875
3 0.5515625 0.43125 0.06171875 0.04609375
3 0.8 0.42421875 0.06875 0.046875
3 0.55 0.71171875 0.0578125 0.0359375
3 0.06171875 0.7140625 0.06171875 0.0375
3 0.04921875 0.171875 0.0484375 0.0546875
3 0.0578125 0.4296875 0.0578125 0.0515625
5 0.11640625 0.49140625 0.1859375 0.06484375
5 0.18515625 0.221875 0.309375 0.0421875
5 0.37265625 0.49609375 0.1953125 0.06875
5 0.61953125 0.4921875 0.20546875 0.05703125
5 0.865625 0.4984375 0.19453125 0.06875
5 0.6671875 0.7703125 0.284375 0.04375
5 0.19609375 0.76640625 0.34453125 0.03984375
0 0.06015625 0.82578125 0.06796875 0.04921875
0 0.55625 0.82265625 0.065625 0.05546875
0 0.553125 0.56875 0.0609375 0.06015625
0 0.0578125 0.565625 0.065625 0.059375
0 0.3078125 0.56796875 0.0625 0.0546875
0 0.80234375 0.56484375 0.065625 0.06171875
0 0.0625 0.278125 0.065625 0.0578125
2 0.5 0.95234375 1 0.0953125