4 0.18984375 0.04140625 0.33359375 0.06796875
1 0.25234375 0.21640625 0.47734375 0.240625
1 0.74921875 0.21484375 0.47578125 0.2375
1 0.375 0.490625 0.23828125 0.26328125
1 0.62265625 0.49296875 0.23671875 0.26796875
1 0.8703125 0.4875 0.23671875 0.26796875
1 0.49921875 0.771875 0.9796875 0.23515625
1 0.1296875 0.49140625 0.23515625 0.26015625
3 0.059375 0.71328125 0.06171875 0.0421875
3 0.0515625 0.428125 0.046875 0.05546875
3 0.3046875 0.4265625 0.059375 0.04140625
3 0.55546875 0.43125 0.06015625 0.05078125
3 0.796875 0.4296875 0.05703125 0.040625
3 0.55234375 0.165625 0.05078125 0.0515625
3 0.06015625 0.1640625 0.071875 0.04609375
5 0.17578125 0.21796875 0.30546875 0.03828125
5 0.6640625 0.21796875 0.27265625 0.04140625
0 0.5625 0.2703125 0.0671875 0.053125
0 0.0578125 0.27109375 0.06171875 0.05625
0 0.059375 0.5640625 0.06640625 0.0671875
0 0.30546875 0.5625 0.06171875 0.06328125
0 0.55703125 0.56484375 0.065625 0.05078125
0 0.7953125 0.56484375 0.05546875 0.0640625
0 0.06328125 0.82265625 0.06640625 0.05859375
5 0.128125 0.4984375 0.19765625 0.06875
5 0.3609375 0.490625 0.17421875 0.07265625
5 0.60859375 0.49296875 0.16875 0.05546875
5 0.8484375 0.49375 0.1640625 0.0640625
5 0.18828125 0.765625 0.32421875 0.034375
2 0.5 0.95703125 1 0.0859375