4 0.1640625 0.0375 0.315625 0.0640625
1 0.125 0.23671875 0.23125 0.2640625
3 0.0671875 0.15859375 0.0953125 0.04609375
5 0.1265625 0.2359375 0.21328125 0.065625
0 0.065625 0.30390625 0.06875 0.065625
1 0.3734375 0.23203125 0.228125 0.2546875
3 0.303125 0.159375 0.06171875 0.04765625
1 0.62421875 0.234375 0.23828125 0.26640625
1 0.8703125 0.23046875 0.23203125 0.26875
3 0.53984375 0.16953125 0.0359375 0.06015625
3 0.796875 0.16953125 0.0625 0.0421875
5 0.353125 0.234375 0.16640625 0.06953125
5 0.61171875 0.234375 0.18359375 0.06640625
5 0.86875 0.23125 0.20390625 0.0609375
0 0.30625 0.30625 0.0640625 0.0546875
0 0.55390625 0.30625 0.06171875 0.05859375
0 0.8015625 0.30546875 0.06484375 0.05703125
2 0.5 0.69609375 1 0.6078125