4 0.13515625 0.040625 0.23359375 0.07421875
1 0.253125 0.221875 0.49140625 0.24453125
3 0.06328125 0.16640625 0.06796875 0.05078125
5 0.18828125 0.2171875 0.32421875 0.03984375
0 0.05546875 0.27421875 0.0625 0.06015625
3 0.56640625 0.16953125 0.08125 0.04921875
5 0.68359375 0.215625 0.31640625 0.0546875
3 0.05390625 0.42734375 0.0625 0.07578125
3 0.06484375 0.68984375 0.07265625 0.0578125
3 0.3078125 0.6859375 0.06953125 0.06015625
3 0.553125 0.69140625 0.06875 0.06328125
3 0.79609375 0.69296875 0.06796875 0.05234375
5 0.12109375 0.75390625 0.19453125 0.06171875
5 0.37578125 0.7546875 0.20625 0.07421875
5 0.6234375 0.75390625 0.203125 0.06875
5 0.87109375 0.75390625 0.20390625 0.06875
5 0.18359375 0.475 0.31875 0.046875
0 0.5515625 0.271875 0.05703125 0.06171875
0 0.06328125 0.53515625 0.07734375 0.06328125
0 0.05625 0.82734375 0.07265625 0.0703125
0 0.30859375 0.828125 0.06953125 0.06484375
0 0.55234375 0.82734375 0.065625 0.0671875
0 0.8 0.8296875 0.07265625 0.06875
1 0.74765625 0.22265625 0.49140625 0.24609375
1 0.50078125 0.478125 0.984375 0.25703125
1 0.13046875 0.75546875 0.240625 0.271875
1 0.375 0.75234375 0.24140625 0.26640625
1 0.62265625 0.75625 0.2375 0.2703125
1 0.86953125 0.75703125 0.24453125 0.275
2 0.5 0.9515625 1 0.096875