4 0.20703125 0.04296875 0.38515625 0.08515625
1 0.2515625 0.21875 0.48203125 0.24453125
1 0.74921875 0.221875 0.4828125 0.24375
1 0.5 0.47890625 0.98359375 0.23671875
1 0.1296875 0.759375 0.2328125 0.2859375
1 0.3765625 0.7515625 0.23203125 0.26953125
1 0.62265625 0.7546875 0.23203125 0.265625
1 0.87265625 0.75 0.23828125 0.26328125
2 0.5046875 0.95234375 0.990625 0.0953125
3 0.0625 0.1546875 0.071875 0.0625
3 0.55546875 0.15859375 0.075 0.0546875
3 0.0609375 0.4296875 0.07421875 0.0578125
3 0.05546875 0.68359375 0.05390625 0.04765625
3 0.3046875 0.684375 0.0625 0.0671875
3 0.55546875 0.684375 0.06484375 0.06015625
3 0.79765625 0.6828125 0.0640625 0.05
5 0.678125 0.2125 0.31015625 0.04453125
5 0.18203125 0.2140625 0.31328125 0.04765625
5 0.18203125 0.48046875 0.3046875 0.03671875
5 0.11953125 0.7546875 0.190625 0.0625
5 0.3734375 0.7546875 0.2078125 0.0625
5 0.621875 0.753125 0.20703125 0.06640625
5 0.8484375 0.76171875 0.17109375 0.06640625
0 0.05625 0.26875 0.06015625 0.059375
0 0.5515625 0.2671875 0.053125 0.06640625
0 0.06328125 0.53671875 0.0703125 0.0578125
0 0.06796875 0.82890625 0.0859375 0.06640625
0 0.3046875 0.82421875 0.06953125 0.0640625
0 0.55625 0.82578125 0.0734375 0.06796875
0 0.8046875 0.83125 0.075 0.0609375