4 0.2203125 0.0390625 0.41953125 0.078125
1 0.128125 0.23125 0.24296875 0.26875
1 0.378125 0.234375 0.23828125 0.2734375
1 0.6234375 0.23359375 0.234375 0.2671875
1 0.87109375 0.2296875 0.2375 0.26953125
1 0.25078125 0.50859375 0.48828125 0.24765625
1 0.746875 0.509375 0.4765625 0.23515625
1 0.50078125 0.7640625 0.97734375 0.23828125
2 0.5046875 0.95078125 0.9875 0.0984375
3 0.0609375 0.16796875 0.0640625 0.0640625
3 0.30390625 0.16640625 0.06953125 0.07109375
3 0.5515625 0.1671875 0.0640625 0.0515625
3 0.79296875 0.16640625 0.04765625 0.0609375
3 0.0625 0.4546875 0.07265625 0.05703125
3 0.553125 0.44765625 0.06875 0.046875
3 0.05 0.70859375 0.053125 0.06171875
5 0.121875 0.23203125 0.19453125 0.06875
5 0.37578125 0.23046875 0.21328125 0.0578125
5 0.62265625 0.2375 0.20078125 0.06484375
5 0.86953125 0.23203125 0.21015625 0.0640625
5 0.19765625 0.50703125 0.346875 0.05
5 0.66953125 0.5 0.29765625 0.046875
5 0.2015625 0.765625 0.36015625 0.0453125
0 0.06171875 0.30546875 0.08359375 0.07734375
0 0.3078125 0.3078125 0.065625 0.06875
0 0.56171875 0.31171875 0.0921875 0.06796875
0 0.81171875 0.30703125 0.09375 0.065625
0 0.06640625 0.5640625 0.078125 0.05859375
0 0.55 0.56328125 0.05390625 0.0796875
0 0.0609375 0.83125 0.0734375 0.07734375