4 0.13828125 0.04296875 0.2421875 0.08515625
1 0.25 0.2203125 0.47890625 0.2375
1 0.74453125 0.2203125 0.48515625 0.240625
1 0.1265625 0.4875 0.240625 0.271875
1 0.375 0.48984375 0.23359375 0.28359375
1 0.625 0.5046875 0.2328125 0.2984375
1 0.86796875 0.49140625 0.234375 0.27890625
1 0.4984375 0.8015625 0.97734375 0.2546875
2 0.50234375 0.96953125 0.9953125 0.0609375
3 0.05703125 0.1609375 0.07578125 0.04921875
3 0.56015625 0.159375 0.07421875 0.0609375
3 0.30390625 0.421875 0.0640625 0.075
3 0.5515625 0.42265625 0.06484375 0.059375
3 0.7953125 0.43203125 0.0546875 0.05546875
3 0.05859375 0.42265625 0.06796875 0.04765625
3 0.059375 0.74609375 0.0703125 0.053125
5 0.190625 0.2125 0.3375 0.04453125
5 0.675 0.215625 0.3078125 0.0421875
5 0.11875 0.4890625 0.19375 0.06875
5 0.365625 0.4921875 0.18984375 0.06015625
5 0.6125 0.51015625 0.178125 0.09140625
5 0.86796875 0.49453125 0.20625 0.0671875
5 0.178125 0.79921875 0.31171875 0.03671875
0 0.0609375 0.26953125 0.07734375 0.0640625
0 0.56171875 0.27421875 0.08359375 0.06953125
0 0.05234375 0.5640625 0.05078125 0.06953125
0 0.3 0.56640625 0.059375 0.0703125
0 0.55625 0.6015625 0.06796875 0.06484375
0 0.79609375 0.56640625 0.059375 0.07421875
0 0.06484375 0.85625 0.0859375 0.06484375