4 0.09140625 0.03984375 0.1375 0.06484375
1 0.2515625 0.21640625 0.47578125 0.240625
1 0.75 0.21796875 0.47890625 0.2375
1 0.1296875 0.75 0.234375 0.26796875
1 0.37578125 0.74921875 0.2375 0.26328125
1 0.625 0.7515625 0.23515625 0.27109375
1 0.8703125 0.7515625 0.2359375 0.2609375
1 0.5 0.47890625 0.9796875 0.23984375
3 0.05234375 0.16484375 0.05546875 0.05078125
3 0.55625 0.1640625 0.0609375 0.0453125
3 0.55234375 0.68828125 0.065625 0.0390625
3 0.79296875 0.69296875 0.05234375 0.0453125
3 0.05625 0.68125 0.0546875 0.040625
3 0.05625 0.4265625 0.04921875 0.0421875
3 0.30078125 0.69453125 0.053125 0.0453125
5 0.18046875 0.21953125 0.30078125 0.03984375
5 0.675 0.2203125 0.30390625 0.03203125
5 0.1140625 0.753125 0.171875 0.053125
5 0.37734375 0.7578125 0.20703125 0.0625
5 0.6203125 0.75546875 0.19296875 0.06171875
5 0.85625 0.7546875 0.17890625 0.06015625
5 0.1890625 0.48125 0.31640625 0.03046875
0 0.05234375 0.8265625 0.04921875 0.05
0 0.309375 0.82265625 0.06875 0.053125
0 0.54765625 0.8265625 0.05 0.05703125
0 0.803125 0.82265625 0.0625 0.05
0 0.55859375 0.27109375 0.059375 0.05859375
0 0.06328125 0.5359375 0.07109375 0.0578125
0 0.05390625 0.26875 0.04609375 0.053125
2 0.5 0.9578125 1 0.084375