4 0.196875 0.03984375 0.3421875 0.07265625
1 0.1296875 0.23203125 0.23046875 0.26171875
1 0.3765625 0.2296875 0.23515625 0.2609375
1 0.62421875 0.23203125 0.23359375 0.26171875
1 0.871875 0.24609375 0.2328125 0.29609375
1 0.74765625 0.8 0.48046875 0.240625
1 0.25078125 0.8 0.47890625 0.2453125
1 0.5015625 0.54140625 0.978125 0.2328125
0 0.06015625 0.30546875 0.065625 0.05703125
0 0.30703125 0.30390625 0.0640625 0.0640625
0 0.553125 0.3046875 0.06015625 0.0625
0 0.796875 0.3328125 0.05625 0.05625
0 0.053125 0.5953125 0.05 0.05546875
0 0.05859375 0.85078125 0.05390625 0.05859375
0 0.55859375 0.85234375 0.06015625 0.04921875
5 0.19609375 0.5390625 0.33359375 0.028125
5 0.17734375 0.8 0.30078125 0.04140625
5 0.67890625 0.7984375 0.3140625 0.0421875
5 0.3625 0.23359375 0.1796875 0.0625
5 0.61171875 0.23125 0.19140625 0.05625
5 0.87734375 0.246875 0.2125 0.08046875
3 0.05625 0.16640625 0.06328125 0.04609375
3 0.303125 0.171875 0.0578125 0.04609375
3 0.5515625 0.165625 0.05859375 0.03359375
3 0.7953125 0.165625 0.05078125 0.04921875
3 0.0515625 0.74375 0.0515625 0.03828125
3 0.55234375 0.75078125 0.04609375 0.0453125
3 0.05078125 0.4859375 0.04765625 0.02421875
2 0.5 0.97109375 1 0.0578125