4 0.128125 0.0421875 0.19375 0.07421875
1 0.25234375 0.21796875 0.47734375 0.240625
1 0.74921875 0.21796875 0.475 0.2296875
1 0.37578125 0.49140625 0.23671875 0.26328125
1 0.62421875 0.48984375 0.23125 0.26875
1 0.86953125 0.49296875 0.23828125 0.26796875
1 0.1296875 0.4921875 0.23671875 0.265625
2 0.5 0.8265625 1 0.346875
3 0.05078125 0.1671875 0.05234375 0.0453125
3 0.55703125 0.1671875 0.06171875 0.04921875
3 0.3 0.42734375 0.04765625 0.04609375
3 0.54921875 0.4328125 0.05234375 0.04609375
3 0.796875 0.4265625 0.06640625 0.040625
3 0.05546875 0.428125 0.04921875 0.04609375
5 0.18671875 0.21796875 0.31953125 0.03828125
5 0.13046875 0.49375 0.20078125 0.06015625
5 0.359375 0.49609375 0.16484375 0.0640625
5 0.68671875 0.2171875 0.321875 0.03984375
5 0.62109375 0.490625 0.20078125 0.06484375
5 0.8484375 0.49375 0.1640625 0.0671875
0 0.796875 0.56484375 0.0515625 0.05078125
0 0.54921875 0.5640625 0.05625 0.05
0 0.29921875 0.5640625 0.03984375 0.053125
0 0.5578125 0.2703125 0.06328125 0.0546875
0 0.0578125 0.27109375 0.06015625 0.05859375
0 0.06171875 0.56328125 0.06484375 0.06484375