4 0.12734375 0.04765625 0.2203125 0.075
1 0.134375 0.23984375 0.2296875 0.26640625
3 0.06640625 0.171875 0.08203125 0.0578125
5 0.11875 0.23671875 0.1703125 0.07578125
0 0.06640625 0.30546875 0.08828125 0.06484375
1 0.37890625 0.23125 0.22890625 0.26796875
3 0.31015625 0.16640625 0.07578125 0.06171875
5 0.35625 0.23671875 0.16484375 0.0671875
0 0.30625 0.3078125 0.059375 0.05390625
1 0.62421875 0.24609375 0.2234375 0.29296875
3 0.54765625 0.1578125 0.05546875 0.059375
5 0.5875 0.25078125 0.1328125 0.11328125
0 0.55390625 0.3390625 0.06015625 0.059375
1 0.8703125 0.23203125 0.2265625 0.265625
3 0.80078125 0.1640625 0.06171875 0.046875
5 0.871875 0.2375 0.2078125 0.05859375
0 0.79765625 0.30234375 0.04140625 0.04375
2 0.5 0.690625 0.99921875 0.61796875