4 0.20234375 0.03671875 0.37421875 0.0734375
1 0.50390625 0.22734375 0.96875 0.2265625
3 0.05859375 0.16484375 0.06640625 0.04921875
5 0.18671875 0.21953125 0.3234375 0.0328125
0 0.06328125 0.27578125 0.065625 0.05234375
1 0.13203125 0.49765625 0.22421875 0.2796875
3 0.05 0.42890625 0.05859375 0.04609375
5 0.12421875 0.49921875 0.1953125 0.06484375
0 0.0578125 0.56796875 0.06328125 0.0578125
1 0.375 0.49296875 0.2421875 0.29375
3 0.30625 0.425 0.06953125 0.06640625
5 0.36484375 0.50234375 0.19609375 0.06171875
0 0.3109375 0.571875 0.05234375 0.05078125
1 0.6296875 0.49609375 0.22578125 0.25625
1 0.87421875 0.51484375 0.2234375 0.28046875
1 0.25390625 0.81328125 0.4796875 0.215625
1 0.73984375 0.79453125 0.4546875 0.21484375
3 0.5578125 0.42890625 0.0765625 0.05
3 0.8 0.43125 0.06015625 0.05
3 0.0578125 0.74609375 0.07265625 0.0609375
3 0.56328125 0.75078125 0.0765625 0.040625
5 0.621875 0.49609375 0.19296875 0.06328125
5 0.85390625 0.50390625 0.1578125 0.09375
5 0.20078125 0.79375 0.3421875 0.0265625
5 0.67265625 0.790625 0.30625 0.034375
0 0.55078125 0.56640625 0.06484375 0.05390625
0 0.7984375 0.59140625 0.0578125 0.05078125
0 0.55546875 0.85625 0.0546875 0.05390625
0 0.0609375 0.8546875 0.0734375 0.07578125
2 0.503125 0.9625 0.99375 0.075