4 0.09609375 0.04765625 0.16171875 0.075
1 0.12578125 0.22890625 0.2515625 0.26875
1 0.38125 0.23671875 0.2296875 0.26015625
1 0.62578125 0.2453125 0.215625 0.30625
1 0.8703125 0.23671875 0.23671875 0.284375
1 0.74375 0.54375 0.4953125 0.25
1 0.24765625 0.5421875 0.47265625 0.25234375
1 0.4953125 0.796875 0.98203125 0.22265625
3 0.07109375 0.16484375 0.0796875 0.03828125
3 0.30859375 0.15703125 0.06640625 0.053125
3 0.553125 0.16640625 0.06640625 0.046875
3 0.80078125 0.16171875 0.065625 0.0515625
3 0.0640625 0.48515625 0.07578125 0.05859375
3 0.5578125 0.47109375 0.06796875 0.0515625
3 0.05078125 0.74609375 0.053125 0.0421875
5 0.1828125 0.5359375 0.3140625 0.0609375
5 0.67890625 0.5296875 0.31875 0.05390625
5 0.17109375 0.79140625 0.3 0.05078125
0 0.06640625 0.590625 0.075 0.0546875
0 0.55703125 0.59140625 0.05546875 0.04609375
0 0.06484375 0.31640625 0.0765625 0.0671875
0 0.29765625 0.31171875 0.06875 0.05703125
0 0.55859375 0.33828125 0.08046875 0.06171875
0 0.80546875 0.3140625 0.07421875 0.07578125
0 0.06796875 0.8546875 0.0796875 0.0515625
5 0.36796875 0.234375 0.2078125 0.05703125
5 0.13046875 0.23359375 0.22109375 0.08515625
5 0.60234375 0.24375 0.17421875 0.08515625
5 0.86171875 0.23046875 0.1953125 0.08359375