4 0.13984375 0.03671875 0.2625 0.0734375
1 0.13515625 0.22734375 0.22578125 0.284375
1 0.375 0.23515625 0.2296875 0.25625
1 0.62109375 0.22890625 0.23671875 0.27734375
1 0.87109375 0.21484375 0.23359375 0.278125
1 0.24453125 0.50078125 0.46171875 0.234375
1 0.74296875 0.5140625 0.50234375 0.23046875
1 0.49609375 0.77421875 0.98671875 0.22890625
3 0.0671875 0.16640625 0.071875 0.03125
3 0.30703125 0.16328125 0.078125 0.04921875
3 0.546875 0.16640625 0.04296875 0.0421875
3 0.8015625 0.1578125 0.07421875 0.0484375
3 0.05703125 0.44765625 0.071875 0.04375
3 0.559375 0.45 0.0625 0.0390625
3 0.065625 0.71015625 0.07734375 0.05234375
5 0.13125 0.234375 0.20078125 0.071875
5 0.3765625 0.2359375 0.2078125 0.065625
5 0.61015625 0.23046875 0.17578125 0.0640625
5 0.884375 0.23203125 0.23125 0.0671875
5 0.19296875 0.50234375 0.35390625 0.03828125
5 0.68359375 0.50234375 0.33046875 0.03828125
0 0.06328125 0.5578125 0.0765625 0.06640625
0 0.0609375 0.30625 0.06328125 0.0515625
0 0.3 0.31171875 0.0609375 0.06171875
0 0.55546875 0.309375 0.071875 0.046875
0 0.78984375 0.3046875 0.05703125 0.06328125
0 0.55546875 0.56875 0.08359375 0.06796875
0 0.05234375 0.83125 0.06171875 0.0765625
5 0.18359375 0.76640625 0.3421875 0.04375
2 0.50625 0.95859375 0.9875 0.07421875