4 0.171875 0.04140625 0.29453125 0.075
1 0.1296875 0.2296875 0.23203125 0.2671875
1 0.37421875 0.22890625 0.23515625 0.2625
1 0.6234375 0.23203125 0.2359375 0.26796875
1 0.8703125 0.22890625 0.23671875 0.27265625
2 0.5 0.6984375 1 0.603125
3 0.05703125 0.16875 0.065625 0.04453125
3 0.2953125 0.16953125 0.04453125 0.0390625
3 0.54921875 0.1734375 0.0546875 0.04609375
3 0.78984375 0.17578125 0.03984375 0.04375
5 0.3734375 0.23125 0.19921875 0.06328125
5 0.61015625 0.23671875 0.17578125 0.06015625
5 0.8421875 0.2359375 0.1515625 0.06640625
5 0.11015625 0.2359375 0.16328125 0.065625
0 0.30625 0.30703125 0.0546875 0.05546875
0 0.0625 0.30625 0.06015625 0.059375
0 0.54609375 0.30390625 0.05234375 0.0609375
0 0.803125 0.30546875 0.06640625 0.053125