4 0.0921875 0.04453125 0.1453125 0.06953125
1 0.1328125 0.234375 0.2203125 0.25
1 0.36796875 0.234375 0.240625 0.27421875
1 0.62734375 0.23671875 0.23046875 0.2640625
1 0.8703125 0.234375 0.23515625 0.2546875
3 0.06484375 0.1578125 0.0734375 0.03984375
3 0.3 0.1625 0.065625 0.04296875
3 0.559375 0.16953125 0.06484375 0.04765625
3 0.796875 0.16640625 0.06640625 0.046875
0 0.05625 0.31015625 0.06171875 0.04453125
0 0.30546875 0.30546875 0.07109375 0.05859375
0 0.55078125 0.31171875 0.0453125 0.05703125
0 0.8046875 0.30703125 0.0734375 0.06640625
5 0.125 0.23359375 0.19453125 0.07421875
5 0.3765625 0.23359375 0.2078125 0.065625
5 0.60546875 0.22734375 0.165625 0.08203125
5 0.85625 0.23515625 0.1875 0.06796875
2 0.5 0.6953125 1 0.609375