4 0.1390625 0.03828125 0.2328125 0.06640625
1 0.49765625 0.22421875 0.9859375 0.2515625
1 0.1296875 0.4984375 0.23359375 0.2625
1 0.3828125 0.49765625 0.2265625 0.26875
1 0.62421875 0.5046875 0.22265625 0.25859375
1 0.86875 0.50078125 0.22265625 0.26640625
1 0.24609375 0.775 0.47578125 0.215625
1 0.74375 0.7703125 0.48671875 0.2359375
3 0.05546875 0.171875 0.06328125 0.04765625
3 0.059375 0.425 0.06484375 0.046875
3 0.31328125 0.43125 0.0875 0.05
3 0.55625 0.43125 0.0734375 0.06875
3 0.79140625 0.428125 0.06875 0.04375
2 0.5015625 0.95859375 0.996875 0.0828125
3 0.06953125 0.71171875 0.0890625 0.0453125
3 0.55703125 0.70859375 0.08515625 0.05859375
5 0.19453125 0.2234375 0.35234375 0.040625
0 0.0625 0.278125 0.08046875 0.04765625
5 0.1203125 0.49140625 0.19375 0.0640625
5 0.375 0.49140625 0.20234375 0.06015625
5 0.61484375 0.50546875 0.20234375 0.06796875
5 0.86484375 0.49296875 0.18984375 0.06171875
5 0.18828125 0.76484375 0.3265625 0.03125
5 0.6859375 0.76484375 0.32421875 0.0359375
0 0.0609375 0.57109375 0.06328125 0.04453125
0 0.30625 0.56796875 0.07109375 0.0578125
0 0.559375 0.57109375 0.0796875 0.059375
0 0.80625 0.56796875 0.08203125 0.04765625
0 0.05390625 0.82578125 0.0578125 0.0609375