4 0.21640625 0.04375 0.41328125 0.05703125
1 0.5 0.2234375 0.99453125 0.23359375
3 0.0625 0.165625 0.09140625 0.04453125
5 0.171875 0.21640625 0.2984375 0.059375
0 0.05625 0.27890625 0.059375 0.06015625
1 0.25390625 0.484375 0.47890625 0.23359375
3 0.06796875 0.42265625 0.0765625 0.04765625
5 0.20234375 0.4796875 0.34921875 0.05
0 0.06640625 0.53828125 0.0984375 0.06015625
1 0.746875 0.48203125 0.4796875 0.21875
3 0.5453125 0.41953125 0.04375 0.04609375
5 0.67421875 0.47734375 0.3 0.04609375
1 0.12890625 0.75859375 0.23984375 0.26484375
1 0.3765625 0.77265625 0.2359375 0.3046875
1 0.621875 0.753125 0.24140625 0.26953125
1 0.871875 0.7515625 0.2375 0.2703125
0 0.55078125 0.53046875 0.0484375 0.06640625
0 0.059375 0.8265625 0.0609375 0.06640625
3 0.053125 0.68984375 0.059375 0.05546875
3 0.5453125 0.68515625 0.04375 0.04140625
3 0.79375 0.68984375 0.05234375 0.05546875
5 0.11875 0.75625 0.18203125 0.0578125
5 0.365625 0.76953125 0.190625 0.09453125
0 0.30859375 0.8578125 0.065625 0.0578125
0 0.55625 0.82578125 0.0703125 0.06171875
0 0.80078125 0.82734375 0.06875 0.0703125
5 0.60625 0.7515625 0.165625 0.0640625
5 0.865625 0.75546875 0.1890625 0.06640625
2 0.5 0.96796875 1 0.0640625