4 0.128125 0.040625 0.2109375 0.07421875
1 0.5 0.21328125 0.97421875 0.23828125
1 0.12734375 0.48203125 0.23984375 0.25078125
1 0.375 0.490625 0.2359375 0.2671875
1 0.6234375 0.5109375 0.23359375 0.29765625
1 0.86875 0.4921875 0.2359375 0.2625
1 0.25 0.7984375 0.48125 0.2453125
1 0.746875 0.79921875 0.47734375 0.24375
2 0.5 0.96953125 1 0.0609375
3 0.05546875 0.175 0.05234375 0.04921875
3 0.05546875 0.42734375 0.05390625 0.05
3 0.3 0.4265625 0.05390625 0.04140625
3 0.55234375 0.43125 0.04765625 0.05546875
3 0.80078125 0.43125 0.06328125 0.04375
3 0.55546875 0.7484375 0.05546875 0.05078125
3 0.05078125 0.74453125 0.04921875 0.03984375
0 0.0578125 0.56640625 0.05703125 0.0640625
0 0.30859375 0.5640625 0.06953125 0.06015625
0 0.55546875 0.59765625 0.06640625 0.0609375
0 0.796875 0.5671875 0.06015625 0.06484375
0 0.55234375 0.85078125 0.04375 0.04921875
0 0.06328125 0.8515625 0.0703125 0.05859375
5 0.18125 0.22109375 0.3125 0.04375
5 0.1234375 0.49609375 0.19296875 0.06171875
5 0.36328125 0.49765625 0.1765625 0.0609375
5 0.63671875 0.51015625 0.23046875 0.08125
5 0.85625 0.4953125 0.18515625 0.06953125
5 0.17421875 0.80390625 0.29765625 0.0390625
5 0.6765625 0.803125 0.30390625 0.04140625
0 0.059375 0.271875 0.06484375 0.05859375