4 0.09609375 0.03828125 0.1484375 0.07578125
1 0.5015625 0.221875 0.971875 0.23359375
1 0.37265625 0.48984375 0.23984375 0.26328125
1 0.621875 0.490625 0.23515625 0.26484375
1 0.86953125 0.4921875 0.23671875 0.27421875
1 0.12890625 0.4921875 0.23671875 0.26640625
2 0.5 0.825 1 0.35
3 0.06015625 0.1671875 0.0640625 0.03828125
3 0.05234375 0.42578125 0.05390625 0.0359375
3 0.3015625 0.43125 0.053125 0.04453125
3 0.54609375 0.42734375 0.05078125 0.0390625
3 0.79765625 0.42421875 0.06015625 0.0359375
5 0.18203125 0.2234375 0.30078125 0.03359375
5 0.1234375 0.49140625 0.1921875 0.05859375
5 0.34921875 0.49296875 0.165625 0.04765625
5 0.60625 0.496875 0.16875 0.0625
5 0.8546875 0.49921875 0.16796875 0.0609375
0 0.80078125 0.5671875 0.0625 0.06171875
0 0.54609375 0.56640625 0.04453125 0.05859375
0 0.3078125 0.56796875 0.0640625 0.05625
0 0.05234375 0.56484375 0.05 0.0546875