4 0.165625 0.040625 0.278125 0.06171875
1 0.25234375 0.22265625 0.46796875 0.22734375
1 0.75234375 0.22578125 0.4875 0.2375
1 0.1203125 0.48046875 0.240625 0.2640625
1 0.37890625 0.4921875 0.23515625 0.2484375
1 0.62421875 0.49296875 0.228125 0.24609375
1 0.8671875 0.4890625 0.23359375 0.2625
5 0.503125 0.76640625 0.9671875 0.21328125
5 0.1859375 0.2125 0.31015625 0.03828125
5 0.7015625 0.21328125 0.340625 0.04453125
5 0.12890625 0.49375 0.196875 0.059375
5 0.3625 0.49453125 0.17421875 0.06171875
5 0.6078125 0.49375 0.1875 0.059375
5 0.8671875 0.4859375 0.1953125 0.06328125
5 0.175 0.7671875 0.2828125 0.03046875
3 0.05390625 0.159375 0.0515625 0.02890625
3 0.56328125 0.15546875 0.0875 0.053125
3 0.05234375 0.4203125 0.0484375 0.05234375
3 0.3046875 0.42265625 0.0671875 0.0515625
3 0.5546875 0.42421875 0.0734375 0.0359375
3 0.7921875 0.41875 0.05625 0.04375
3 0.0609375 0.7140625 0.06328125 0.0359375
0 0.05546875 0.8234375 0.0484375 0.0609375
0 0.06171875 0.56640625 0.06953125 0.06875
0 0.3046875 0.57109375 0.05859375 0.0640625
0 0.55546875 0.5734375 0.0546875 0.05859375
0 0.796875 0.56015625 0.05390625 0.0703125
0 0.559375 0.27734375 0.06796875 0.05625
0 0.0640625 0.2703125 0.06328125 0.06640625
2 0.5 0.953125 1 0.09375