4 0.2078125 0.04140625 0.3671875 0.07890625
1 0.2515625 0.2171875 0.48203125 0.23828125
1 0.74921875 0.2171875 0.48203125 0.2421875
1 0.49296875 0.48671875 0.96484375 0.2515625
1 0.13046875 0.75234375 0.23671875 0.259375
1 0.37578125 0.74609375 0.234375 0.24921875
1 0.62265625 0.7515625 0.2375 0.26796875
1 0.8703125 0.75078125 0.2359375 0.265625
3 0.05546875 0.6890625 0.04296875 0.03828125
3 0.2953125 0.6890625 0.04296875 0.04765625
3 0.53828125 0.6890625 0.04140625 0.05234375
3 0.79453125 0.68984375 0.04921875 0.05078125
3 0.553125 0.165625 0.0578125 0.05546875
3 0.06171875 0.16171875 0.06796875 0.0375
3 0.0515625 0.42734375 0.0453125 0.0421875
5 0.17890625 0.2171875 0.29921875 0.04375
5 0.67890625 0.21796875 0.30625 0.0375
5 0.1125 0.759375 0.1734375 0.0734375
5 0.3640625 0.75234375 0.1828125 0.0625
5 0.625 0.75859375 0.2046875 0.06796875
5 0.86953125 0.75390625 0.19375 0.0625
5 0.184375 0.48046875 0.31796875 0.0375
0 0.55625 0.26796875 0.06484375 0.06171875
0 0.06484375 0.26875 0.075 0.04453125
0 0.06015625 0.825 0.07109375 0.05546875
0 0.309375 0.82265625 0.06796875 0.06171875
0 0.55390625 0.8203125 0.06875 0.0421875
0 0.0546875 0.53515625 0.053125 0.05546875
2 0.5 0.9546875 1 0.090625