4 0.10078125 0.0390625 0.1546875 0.078125
1 0.13046875 0.2359375 0.23671875 0.265625
1 0.378125 0.23203125 0.23203125 0.26484375
1 0.6234375 0.2265625 0.23671875 0.26171875
1 0.8703125 0.23515625 0.23359375 0.25703125
1 0.253125 0.5078125 0.475 0.23828125
1 0.746875 0.50546875 0.4796875 0.24609375
1 0.5015625 0.76640625 0.97734375 0.23984375
3 0.05625 0.71796875 0.05 0.04921875
3 0.55234375 0.45078125 0.053125 0.05
3 0.3046875 0.17265625 0.06484375 0.04921875
3 0.55546875 0.17109375 0.07109375 0.0515625
3 0.06171875 0.45234375 0.06484375 0.0390625
3 0.79453125 0.165625 0.05078125 0.05625
3 0.06015625 0.1625 0.06171875 0.053125
5 0.10859375 0.23515625 0.165625 0.075
5 0.35390625 0.23515625 0.14765625 0.06171875
5 0.60703125 0.23203125 0.16484375 0.06875
5 0.846875 0.2375 0.15625 0.06953125
5 0.6828125 0.5046875 0.3171875 0.0453125
5 0.1734375 0.7703125 0.28828125 0.0359375
5 0.1703125 0.50703125 0.28984375 0.0296875
0 0.0484375 0.56015625 0.04765625 0.05078125
0 0.06640625 0.81640625 0.07265625 0.04140625
0 0.55859375 0.56015625 0.06953125 0.0546875
0 0.803125 0.30546875 0.06484375 0.06015625
0 0.55546875 0.3046875 0.06953125 0.0578125
0 0.30625 0.3046875 0.0609375 0.0578125
0 0.059375 0.303125 0.05859375 0.05234375
2 0.5 0.9515625 1 0.096875