4 0.21328125 0.0421875 0.38203125 0.078125
1 0.2515625 0.2171875 0.48203125 0.2390625
1 0.74765625 0.215625 0.48359375 0.24609375
1 0.12890625 0.4953125 0.23984375 0.27734375
1 0.37578125 0.50703125 0.2375 0.296875
1 0.6234375 0.50703125 0.23828125 0.3046875
1 0.87109375 0.490625 0.2375 0.26796875
1 0.50078125 0.8 0.98046875 0.240625
3 0.55859375 0.16484375 0.06953125 0.0578125
3 0.05546875 0.16484375 0.06171875 0.0578125
3 0.05390625 0.43046875 0.05078125 0.0453125
3 0.30390625 0.43125 0.06171875 0.04375
3 0.5515625 0.43046875 0.06328125 0.04921875
3 0.79765625 0.42734375 0.0625 0.0546875
3 0.05078125 0.74765625 0.05078125 0.05234375
5 0.6828125 0.215625 0.31796875 0.02890625
5 0.18203125 0.21796875 0.31328125 0.04140625
5 0.11953125 0.49765625 0.18359375 0.0671875
5 0.3671875 0.509375 0.184375 0.08671875
5 0.58828125 0.51015625 0.13828125 0.0921875
5 0.85625 0.49453125 0.17734375 0.06484375
5 0.18984375 0.79765625 0.334375 0.04140625
0 0.55703125 0.27109375 0.06640625 0.05625
0 0.0609375 0.27109375 0.065625 0.06015625
0 0.05546875 0.56640625 0.059375 0.06015625
0 0.303125 0.59453125 0.05625 0.06171875
0 0.55390625 0.59296875 0.065625 0.06328125
0 0.79453125 0.5640625 0.053125 0.06015625
0 0.06015625 0.8546875 0.0625 0.0578125
2 0.4953125 0.965625 0.990625 0.06875