4 0.121875 0.03984375 0.190625 0.06796875
1 0.12890625 0.23125 0.24453125 0.26484375
1 0.375 0.23515625 0.2421875 0.27265625
1 0.625 0.23203125 0.23984375 0.275
1 0.87109375 0.23125 0.240625 0.271875
1 0.625 0.52265625 0.23828125 0.27265625
1 0.86953125 0.5296875 0.23515625 0.259375
1 0.37734375 0.521875 0.2375 0.265625
1 0.128125 0.52265625 0.2453125 0.27421875
1 0.5015625 0.79921875 0.98046875 0.24609375
3 0.546875 0.16796875 0.05234375 0.04140625
3 0.05703125 0.165625 0.075 0.05546875
3 0.3046875 0.16796875 0.0625 0.05078125
3 0.790625 0.16640625 0.053125 0.053125
3 0.79765625 0.4546875 0.05625 0.04921875
3 0.55 0.4578125 0.0609375 0.04609375
3 0.30234375 0.45390625 0.0578125 0.04375
3 0.0578125 0.45390625 0.0625 0.03828125
3 0.059375 0.7484375 0.0640625 0.0515625
5 0.12265625 0.23671875 0.190625 0.0625
5 0.36953125 0.2375 0.1890625 0.0734375
5 0.61796875 0.2328125 0.196875 0.0734375
5 0.86875 0.234375 0.20703125 0.0578125
5 0.11640625 0.5234375 0.16875 0.06875
5 0.35625 0.52265625 0.16015625 0.0703125
5 0.6125 0.52734375 0.1828125 0.0734375
5 0.85625 0.51640625 0.18203125 0.06640625
5 0.17421875 0.8 0.29609375 0.03984375
0 0.0578125 0.8546875 0.059375 0.059375
0 0.0578125 0.30234375 0.0625 0.05703125
0 0.3015625 0.3046875 0.0640625 0.06171875
0 0.55390625 0.30703125 0.06640625 0.0515625
0 0.8015625 0.3046875 0.071875 0.053125
0 0.7953125 0.59453125 0.053125 0.0484375
0 0.559375 0.59453125 0.0734375 0.05703125
0 0.309375 0.596875 0.06171875 0.0625
0 0.059375 0.596875 0.0671875 0.06640625
2 0.5 0.96796875 1 0.0640625