4 0.128125 0.040625 0.2125 0.08125
1 0.13203125 0.234375 0.240625 0.2703125
1 0.375 0.23203125 0.2375 0.26796875
1 0.6234375 0.23515625 0.234375 0.26796875
1 0.86953125 0.23203125 0.23828125 0.26796875
1 0.25078125 0.509375 0.48515625 0.2390625
1 0.74921875 0.51015625 0.48515625 0.24453125
1 0.49921875 0.771875 0.98046875 0.25
3 0.04765625 0.16953125 0.046875 0.0453125
3 0.29765625 0.16953125 0.05625 0.05234375
3 0.55703125 0.16953125 0.07109375 0.0453125
3 0.79765625 0.16875 0.05546875 0.0546875
3 0.05390625 0.45859375 0.06015625 0.05078125
3 0.54921875 0.453125 0.05078125 0.06171875
3 0.053125 0.71796875 0.05390625 0.05234375
5 0.121875 0.23671875 0.18984375 0.0671875
5 0.3734375 0.23359375 0.203125 0.06484375
5 0.6046875 0.2375 0.17421875 0.06171875
5 0.86328125 0.2328125 0.18203125 0.0671875
5 0.1828125 0.5078125 0.31328125 0.034375
5 0.68046875 0.50625 0.3125 0.034375
5 0.18359375 0.7703125 0.3125 0.0359375
0 0.05859375 0.55859375 0.06015625 0.05234375
0 0.06328125 0.30546875 0.07109375 0.05625
0 0.3 0.30625 0.05390625 0.0578125
0 0.55234375 0.3078125 0.065625 0.06171875
0 0.80546875 0.3046875 0.07109375 0.06171875
0 0.5578125 0.55859375 0.06796875 0.06015625
0 0.0609375 0.82421875 0.06953125 0.06484375
2 0.5 0.95390625 1 0.0921875