4 0.1515625 0.04140625 0.259375 0.0828125
1 0.5015625 0.22109375 0.984375 0.24296875
3 0.05625 0.1671875 0.06484375 0.04140625
3 0.06015625 0.428125 0.05703125 0.05625
3 0.55 0.425 0.05 0.04921875
3 0.05859375 0.69453125 0.05625 0.04921875
3 0.29921875 0.69375 0.05 0.046875
3 0.54375 0.69140625 0.04609375 0.05625
3 0.79921875 0.6953125 0.06328125 0.04375
1 0.25234375 0.4765625 0.48125 0.2390625
1 0.75078125 0.4796875 0.48671875 0.24296875
1 0.13046875 0.75390625 0.2375 0.271875
1 0.37578125 0.7546875 0.23828125 0.27734375
1 0.6234375 0.75 0.23828125 0.271875
1 0.87109375 0.75390625 0.23984375 0.26484375
5 0.18359375 0.2203125 0.3125 0.034375
5 0.18828125 0.4765625 0.31796875 0.0359375
5 0.678125 0.48203125 0.31484375 0.03984375
5 0.12890625 0.759375 0.209375 0.07265625
5 0.36640625 0.75390625 0.1875 0.0578125
5 0.60234375 0.75546875 0.1625 0.06171875
5 0.85390625 0.75078125 0.16875 0.0671875
0 0.0640625 0.27734375 0.078125 0.06875
0 0.05390625 0.53203125 0.05546875 0.06015625
0 0.55546875 0.53359375 0.06484375 0.06015625
0 0.059375 0.82578125 0.06640625 0.0578125
0 0.30859375 0.82890625 0.06953125 0.06015625
0 0.55546875 0.825 0.06875 0.06015625
0 0.803125 0.825 0.06640625 0.0671875
2 0.5 0.96015625 1 0.0796875