4 0.171875 0.04609375 0.2984375 0.0859375
1 0.2484375 0.21875 0.490625 0.234375
1 0.7546875 0.2296875 0.4734375 0.240625
1 0.13046875 0.48359375 0.225 0.265625
1 0.38203125 0.496875 0.22421875 0.25390625
1 0.6265625 0.5015625 0.23046875 0.26796875
1 0.87109375 0.49609375 0.21953125 0.2671875
1 0.48359375 0.765625 0.9671875 0.221875
3 0.0625 0.165625 0.06328125 0.059375
3 0.55859375 0.16015625 0.0640625 0.0546875
3 0.06796875 0.4171875 0.07109375 0.05546875
3 0.56015625 0.425 0.078125 0.046875
3 0.31171875 0.42734375 0.06171875 0.05703125
3 0.80546875 0.43046875 0.07109375 0.05859375
3 0.059375 0.71484375 0.0796875 0.046875
5 0.18671875 0.21328125 0.31171875 0.04453125
5 0.6890625 0.2125 0.32265625 0.03828125
0 0.0578125 0.27109375 0.0515625 0.0765625
0 0.56171875 0.2703125 0.06484375 0.046875
0 0.06328125 0.565625 0.065625 0.0625
0 0.30859375 0.56328125 0.0640625 0.06328125
0 0.559375 0.565625 0.0796875 0.0625
0 0.7984375 0.56796875 0.0640625 0.05390625
5 0.1046875 0.48984375 0.15 0.07578125
5 0.3578125 0.49375 0.1765625 0.059375
5 0.61640625 0.4875 0.20390625 0.06484375
5 0.8703125 0.490625 0.21484375 0.06640625
5 0.1921875 0.765625 0.32578125 0.0375
0 0.065625 0.8265625 0.0609375 0.0515625
2 0.50234375 0.95390625 0.9953125 0.0921875