4 0.11875 0.04375 0.19765625 0.0671875
1 0.13046875 0.23984375 0.2296875 0.26171875
1 0.3796875 0.23828125 0.23125 0.2625
1 0.61953125 0.23203125 0.2234375 0.26328125
1 0.87578125 0.2328125 0.23828125 0.265625
1 0.48828125 0.5140625 0.96328125 0.2390625
1 0.25078125 0.7765625 0.4734375 0.22421875
1 0.7453125 0.76171875 0.484375 0.2234375
2 0.5 0.94921875 1 0.10078125
3 0.06484375 0.16640625 0.0890625 0.0421875
3 0.3046875 0.16328125 0.0609375 0.04921875
3 0.5484375 0.16328125 0.06640625 0.06015625
3 0.80625 0.1640625 0.0703125 0.04296875
3 0.0703125 0.4515625 0.07421875 0.046875
3 0.0515625 0.71171875 0.05 0.03671875
5 0.54453125 0.71796875 0.0515625 0.04453125
5 0.1296875 0.23203125 0.21484375 0.0578125
5 0.36484375 0.23046875 0.1921875 0.0734375
5 0.6015625 0.234375 0.17421875 0.08046875
5 0.875 0.23828125 0.1984375 0.06953125
5 0.184375 0.51171875 0.29921875 0.046875
5 0.1828125 0.76953125 0.3140625 0.04921875
5 0.68671875 0.76484375 0.334375 0.04609375
0 0.05390625 0.81875 0.05546875 0.04296875
0 0.55078125 0.8265625 0.05078125 0.05390625
0 0.0515625 0.5609375 0.05546875 0.0578125
0 0.0625 0.30703125 0.05703125 0.0625
0 0.30390625 0.30390625 0.0796875 0.07578125
0 0.5578125 0.30703125 0.0640625 0.0578125
0 0.796875 0.309375 0.059375 0.06640625