4 0.16484375 0.0390625 0.30078125 0.06171875
1 0.50625 0.22578125 0.97890625 0.22890625
1 0.13125 0.49140625 0.22578125 0.246875
1 0.37890625 0.4953125 0.22890625 0.25
1 0.6265625 0.49609375 0.225 0.25625
1 0.865625 0.503125 0.23046875 0.27265625
1 0.25 0.80625 0.471875 0.21484375
1 0.7484375 0.8078125 0.4734375 0.2234375
2 0.50234375 0.9640625 0.9953125 0.071875
3 0.05546875 0.159375 0.075 0.04765625
3 0.0640625 0.4203125 0.06875 0.05234375
3 0.315625 0.42421875 0.07734375 0.040625
3 0.54765625 0.425 0.053125 0.0515625
3 0.80546875 0.42578125 0.07421875 0.06796875
3 0.0625 0.74140625 0.06328125 0.046875
3 0.55703125 0.7375 0.071875 0.0484375
5 0.18046875 0.2125 0.3109375 0.03828125
5 0.11953125 0.49921875 0.18046875 0.06484375
5 0.3765625 0.49765625 0.21328125 0.0671875
5 0.62265625 0.49453125 0.20546875 0.05078125
5 0.8625 0.51796875 0.1890625 0.0734375
5 0.1875 0.796875 0.315625 0.04765625
5 0.7 0.79765625 0.3609375 0.034375
0 0.065625 0.2765625 0.07265625 0.05
0 0.05546875 0.56171875 0.04609375 0.0546875
0 0.30546875 0.565625 0.0609375 0.04765625
0 0.55859375 0.571875 0.06640625 0.05078125
0 0.8109375 0.60234375 0.084375 0.06328125
0 0.05078125 0.853125 0.05078125 0.05859375
0 0.56875 0.85546875 0.084375 0.05859375