4 0.14453125 0.040625 0.24609375 0.065625
1 0.25 0.215625 0.4828125 0.2375
1 0.75078125 0.2109375 0.4703125 0.24296875
1 0.48671875 0.4765625 0.96953125 0.22578125
1 0.23984375 0.74140625 0.4796875 0.221875
1 0.74609375 0.74140625 0.471875 0.24453125
3 0.06484375 0.1578125 0.06796875 0.059375
3 0.5609375 0.15 0.065625 0.05234375
3 0.07109375 0.42421875 0.0796875 0.0359375
3 0.0609375 0.6859375 0.075 0.0421875
3 0.5609375 0.67890625 0.071875 0.05703125
5 0.1859375 0.21875 0.30703125 0.05
5 0.66171875 0.21484375 0.28046875 0.0421875
5 0.20546875 0.475 0.34375 0.03984375
5 0.19140625 0.73359375 0.33203125 0.046875
5 0.678125 0.73515625 0.31796875 0.03984375
5 0.0671875 0.27890625 0.07578125 0.05390625
2 0.5 0.946875 1 0.10625