4 0.13125 0.0421875 0.22578125 0.06328125
1 0.1296875 0.2328125 0.23125 0.26171875
1 0.37734375 0.23125 0.2203125 0.2640625
1 0.62109375 0.23515625 0.23515625 0.25234375
1 0.87109375 0.23203125 0.228125 0.265625
1 0.87265625 0.52109375 0.22734375 0.259375
1 0.62890625 0.52109375 0.22890625 0.259375
1 0.3765625 0.525 0.22578125 0.25625
1 0.12734375 0.5296875 0.22890625 0.2734375
1 0.37734375 0.5203125 0.2265625 0.26171875
1 0.625 0.52421875 0.2328125 0.26484375
2 0.871875 0.52421875 0.22265625 0.25078125
2 0.49453125 0.8421875 0.98828125 0.315625
3 0.05390625 0.15859375 0.0578125 0.05078125
3 0.30625 0.16640625 0.06171875 0.0375
3 0.55234375 0.16640625 0.065625 0.03125
3 0.803125 0.16328125 0.0640625 0.06015625
3 0.06875 0.4546875 0.09296875 0.053125
3 0.3109375 0.45078125 0.08203125 0.06484375
3 0.565625 0.4421875 0.078125 0.0578125
5 0.8078125 0.45859375 0.08125 0.0375
5 0.12578125 0.22734375 0.2171875 0.06328125
5 0.3625 0.23046875 0.18515625 0.06875
5 0.60859375 0.2296875 0.1890625 0.07109375
5 0.86484375 0.234375 0.20234375 0.071875
5 0.35859375 0.52734375 0.16640625 0.0625
5 0.11953125 0.52421875 0.1890625 0.0609375
5 0.61328125 0.51875 0.18671875 0.05625
5 0.85625 0.52421875 0.184375 0.0609375
0 0.05859375 0.30078125 0.06171875 0.05546875
0 0.303125 0.3 0.0640625 0.04921875
0 0.55859375 0.3046875 0.075 0.06796875
0 0.79609375 0.30546875 0.05859375 0.05546875
0 0.79375 0.59140625 0.0515625 0.07109375
0 0.55859375 0.59765625 0.0671875 0.06015625
0 0.30390625 0.59609375 0.071875 0.06640625
0 0.0625 0.59453125 0.06484375 0.06171875