4 0.20234375 0.04375 0.35703125 0.07578125
1 0.5 0.2265625 0.98984375 0.24296875
1 0.25234375 0.4828125 0.4875 0.2515625
1 0.75 0.478125 0.4875 0.24609375
1 0.13046875 0.75546875 0.23671875 0.26796875
1 0.37734375 0.75703125 0.23828125 0.27890625
1 0.625 0.75234375 0.23984375 0.2703125
1 0.87109375 0.7546875 0.24609375 0.2703125
3 0.05546875 0.69140625 0.05859375 0.05625
3 0.30078125 0.6875 0.05703125 0.04921875
3 0.553125 0.68515625 0.06875 0.05078125
3 0.80625 0.68828125 0.07109375 0.05078125
3 0.56015625 0.42421875 0.071875 0.0578125
3 0.05703125 0.42578125 0.06640625 0.03984375
3 0.06484375 0.16953125 0.08203125 0.05625
5 0.17734375 0.2203125 0.309375 0.04921875
5 0.18203125 0.47734375 0.31171875 0.05234375
5 0.68359375 0.47578125 0.31484375 0.03828125
5 0.11328125 0.75234375 0.17890625 0.0671875
5 0.36484375 0.75234375 0.18125 0.06328125
5 0.61328125 0.7515625 0.190625 0.06484375
5 0.84765625 0.7515625 0.16015625 0.06875
0 0.053125 0.82578125 0.06015625 0.07265625
0 0.30703125 0.82734375 0.07421875 0.0703125
0 0.55078125 0.8234375 0.06875 0.0671875
0 0.80390625 0.825 0.07890625 0.0703125
0 0.5484375 0.52890625 0.05546875 0.07265625
0 0.05859375 0.53515625 0.071875 0.06015625
0 0.0640625 0.2765625 0.071875 0.0703125
2 0.5 0.95 1 0.1