4 0.20546875 0.0421875 0.375 0.084375
1 0.24921875 0.21875 0.47890625 0.23359375
1 0.74765625 0.2171875 0.4828125 0.24921875
1 0.5 0.4828125 0.98515625 0.24375
1 0.13046875 0.753125 0.23828125 0.26328125
1 0.37734375 0.7546875 0.23671875 0.265625
1 0.6234375 0.7515625 0.234375 0.26328125
1 0.87109375 0.75234375 0.23828125 0.26796875
1 0.5 0.94921875 1 0.10078125
3 0.05390625 0.15859375 0.059375 0.06953125
3 0.55 0.1578125 0.053125 0.06484375
3 0.05390625 0.4328125 0.059375 0.05390625
5 0.1734375 0.48125 0.2921875 0.04140625
3 0.05625 0.68203125 0.0578125 0.05859375
3 0.303125 0.6890625 0.06015625 0.05546875
3 0.55390625 0.6828125 0.065625 0.0609375
3 0.79921875 0.6890625 0.06640625 0.05546875
5 0.8640625 0.76015625 0.2171875 0.06328125
5 0.615625 0.753125 0.2015625 0.0703125
5 0.36875 0.75625 0.1953125 0.0625
5 0.11328125 0.753125 0.1828125 0.06640625
5 0.1828125 0.2171875 0.3109375 0.05
5 0.6828125 0.21328125 0.32734375 0.04921875
0 0.0546875 0.2734375 0.0609375 0.0609375
0 0.55625 0.271875 0.0765625 0.0640625
0 0.05625 0.53671875 0.05546875 0.06171875
0 0.06328125 0.82265625 0.07734375 0.0640625
0 0.30078125 0.8265625 0.059375 0.07265625
0 0.5515625 0.82421875 0.06328125 0.071875
0 0.80078125 0.82734375 0.07890625 0.06328125