4 0.1703125 0.04453125 0.30234375 0.0734375
1 0.13203125 0.2359375 0.2390625 0.2640625
1 0.3734375 0.23203125 0.22265625 0.2625
1 0.621875 0.23125 0.23359375 0.25859375
1 0.86875 0.22734375 0.240625 0.27890625
3 0.053125 0.165625 0.03984375 0.0625
3 0.31015625 0.1609375 0.06953125 0.05234375
3 0.5625 0.165625 0.0765625 0.04765625
3 0.80390625 0.1609375 0.06171875 0.0390625
5 0.1265625 0.23671875 0.20078125 0.06640625
5 0.36875 0.23125 0.18671875 0.0703125
5 0.61953125 0.22890625 0.21171875 0.07578125
5 0.8546875 0.2265625 0.16796875 0.0796875
0 0.06328125 0.30546875 0.084375 0.0734375
0 0.30703125 0.30859375 0.0640625 0.07265625
0 0.553125 0.30859375 0.0703125 0.08046875
0 0.796875 0.30234375 0.0734375 0.07578125
2 0.50078125 0.6921875 0.99765625 0.615625