0 0.15859375 0.040625 0.27890625 0.06953125
1 0.25078125 0.21796875 0.48828125 0.24296875
1 0.75078125 0.21953125 0.48203125 0.2390625
1 0.1296875 0.4890625 0.2375 0.26015625
1 0.3765625 0.490625 0.23359375 0.27421875
1 0.621875 0.49140625 0.23125 0.2640625
1 0.86953125 0.49375 0.23125 0.26875
1 0.4984375 0.76171875 0.978125 0.24375
2 0.50546875 0.95 0.9890625 0.09921875
3 0.06796875 0.16484375 0.07265625 0.06171875
3 0.55234375 0.1625 0.0546875 0.0375
3 0.30703125 0.42578125 0.06015625 0.046875
3 0.5546875 0.4296875 0.06015625 0.0578125
3 0.8 0.428125 0.0703125 0.0625
3 0.05859375 0.42890625 0.06171875 0.05703125
3 0.065625 0.71484375 0.0828125 0.04140625
5 0.1859375 0.76875 0.32578125 0.0375
5 0.1140625 0.496875 0.1796875 0.06171875
5 0.35390625 0.4953125 0.1671875 0.065625
5 0.5984375 0.4984375 0.165625 0.07265625
5 0.85390625 0.4984375 0.17421875 0.07265625
5 0.67890625 0.21875 0.31015625 0.04140625
5 0.1828125 0.21640625 0.32109375 0.03671875
0 0.05546875 0.2765625 0.06640625 0.06328125
0 0.56015625 0.27265625 0.07421875 0.0625
0 0.05546875 0.56640625 0.05625 0.0640625
0 0.29765625 0.565625 0.04921875 0.065625
0 0.55234375 0.5703125 0.0625 0.059375
0 0.803125 0.565625 0.06796875 0.0578125
0 0.0625 0.825 0.07109375 0.0625