4 0.09140625 0.03984375 0.14140625 0.071875
1 0.12578125 0.23515625 0.24296875 0.26640625
1 0.3765625 0.22890625 0.23046875 0.27265625
1 0.625 0.22890625 0.234375 0.26796875
1 0.871875 0.23125 0.23125 0.27734375
1 0.496875 0.509375 0.98515625 0.23984375
1 0.2484375 0.76953125 0.47734375 0.2125
1 0.74609375 0.75859375 0.47890625 0.21953125
2 0.50234375 0.9484375 0.9953125 0.103125
3 0.05625 0.16484375 0.06171875 0.05703125
3 0.3046875 0.1625 0.0671875 0.05546875
3 0.5546875 0.1640625 0.0671875 0.0515625
3 0.79140625 0.16484375 0.0515625 0.06484375
3 0.06171875 0.45546875 0.06328125 0.05859375
3 0.05703125 0.71171875 0.05625 0.0640625
3 0.55234375 0.71328125 0.0640625 0.059375
5 0.67421875 0.771875 0.3015625 0.03515625
5 0.16484375 0.76875 0.271875 0.040625
5 0.175 0.51015625 0.3015625 0.059375
5 0.1046875 0.23828125 0.15703125 0.06015625
5 0.37109375 0.23515625 0.18984375 0.06640625
5 0.61484375 0.234375 0.18515625 0.065625
5 0.846875 0.23671875 0.16015625 0.06015625
0 0.05625 0.30234375 0.07109375 0.07421875
0 0.30859375 0.30703125 0.07578125 0.05234375
0 0.56171875 0.30859375 0.0875 0.06953125
0 0.79296875 0.3046875 0.0546875 0.071875
0 0.059375 0.56875 0.06171875 0.06875
0 0.053125 0.81953125 0.05859375 0.0625
0 0.55 0.82265625 0.06015625 0.06171875