4 0.12578125 0.04375 0.2078125 0.08046875
1 0.25078125 0.21875 0.478125 0.2234375
1 0.74921875 0.2125 0.48515625 0.24296875
1 0.4953125 0.48046875 0.9796875 0.23515625
1 0.12421875 0.753125 0.2359375 0.26328125
1 0.371875 0.7484375 0.23125 0.27265625
1 0.61953125 0.7515625 0.23671875 0.278125
1 0.8703125 0.75390625 0.2359375 0.2890625
2 0.5 0.94765625 0.9953125 0.1046875
3 0.06015625 0.68515625 0.06953125 0.04296875
3 0.3 0.68984375 0.059375 0.0453125
3 0.55078125 0.68359375 0.0703125 0.0546875
3 0.7890625 0.68359375 0.0484375 0.0625
3 0.05703125 0.43203125 0.065625 0.05234375
3 0.05546875 0.1640625 0.0609375 0.05234375
3 0.55546875 0.1609375 0.06875 0.059375
5 0.1765625 0.215625 0.315625 0.0390625
5 0.6875 0.2171875 0.31953125 0.0453125
5 0.1859375 0.47734375 0.321875 0.0328125
5 0.13046875 0.7515625 0.20546875 0.0671875
5 0.375 0.75 0.20390625 0.071875
5 0.6171875 0.74765625 0.21328125 0.07734375
5 0.8671875 0.75390625 0.2046875 0.06484375
0 0.79375 0.8234375 0.0578125 0.05234375
0 0.5546875 0.828125 0.0625 0.06484375
0 0.3078125 0.82421875 0.0703125 0.05703125
0 0.0515625 0.8296875 0.04609375 0.0640625
0 0.06015625 0.5359375 0.065625 0.06328125
0 0.55859375 0.278125 0.0671875 0.06484375
0 0.06328125 0.27109375 0.07421875 0.0703125