4 0.21328125 0.046875 0.38203125 0.0828125
1 0.12890625 0.23671875 0.23671875 0.27265625
1 0.375 0.2359375 0.23515625 0.26484375
1 0.6234375 0.23203125 0.23203125 0.27890625
1 0.87109375 0.23046875 0.23203125 0.27578125
1 0.496875 0.51171875 0.98515625 0.24375
1 0.25078125 0.77265625 0.4796875 0.23984375
1 0.746875 0.7671875 0.4828125 0.2359375
2 0.50703125 0.95 0.98515625 0.09921875
3 0.053125 0.16640625 0.06015625 0.05625
3 0.30234375 0.16171875 0.0671875 0.05859375
3 0.5546875 0.16171875 0.0734375 0.05390625
3 0.8015625 0.16875 0.0734375 0.05390625
3 0.06640625 0.46015625 0.08359375 0.05703125
3 0.0609375 0.7078125 0.08203125 0.05703125
3 0.54765625 0.71484375 0.05703125 0.06015625
5 0.10390625 0.2375 0.16171875 0.07890625
5 0.3625 0.2328125 0.1875 0.0625
5 0.6125 0.22734375 0.1828125 0.0625
5 0.86328125 0.23359375 0.19921875 0.0609375
5 0.178125 0.51484375 0.303125 0.04375
5 0.17890625 0.76875 0.31796875 0.0484375
5 0.6859375 0.7671875 0.3359375 0.04375
0 0.55625 0.821875 0.06484375 0.053125
0 0.0640625 0.81953125 0.0796875 0.0546875
0 0.0546875 0.57109375 0.0515625 0.06796875
0 0.31328125 0.30390625 0.0859375 0.059375
0 0.55703125 0.30546875 0.0734375 0.059375
0 0.79765625 0.30859375 0.05078125 0.05859375
0 0.0609375 0.30703125 0.0765625 0.06328125