4 0.1453125 0.0390625 0.246875 0.0734375
1 0.50078125 0.21953125 0.97421875 0.240625
1 0.12890625 0.4921875 0.2328125 0.26953125
1 0.3765625 0.49296875 0.2359375 0.271875
1 0.6234375 0.48828125 0.23359375 0.26171875
1 0.871875 0.490625 0.234375 0.275
1 0.74921875 0.7703125 0.4765625 0.24609375
1 0.25 0.76953125 0.484375 0.2484375
2 0.5 0.95390625 1 0.0921875
3 0.0515625 0.165625 0.053125 0.04609375
3 0.05703125 0.42734375 0.05625 0.04375
3 0.3046875 0.43359375 0.05390625 0.04609375
3 0.546875 0.43046875 0.05546875 0.059375
3 0.80390625 0.43203125 0.06875 0.0484375
3 0.55390625 0.70859375 0.05859375 0.04140625
3 0.0625 0.71640625 0.06953125 0.0515625
5 0.12734375 0.4984375 0.20234375 0.06484375
5 0.18984375 0.225 0.31796875 0.02890625
5 0.36640625 0.49609375 0.190625 0.078125
5 0.6078125 0.49609375 0.17421875 0.0734375
5 0.85234375 0.490625 0.1796875 0.059375
5 0.6734375 0.7671875 0.29921875 0.0421875
5 0.2 0.7671875 0.36015625 0.0421875
0 0.05859375 0.565625 0.06640625 0.059375
0 0.06328125 0.27578125 0.07734375 0.059375
0 0.303125 0.56796875 0.06171875 0.053125
0 0.55234375 0.56484375 0.065625 0.06171875
0 0.80078125 0.56484375 0.065625 0.0578125
0 0.54765625 0.81640625 0.0453125 0.0625
0 0.059375 0.81875 0.06953125 0.0484375