4 0.215625 0.03984375 0.384375 0.0796875
1 0.5 0.22265625 0.9828125 0.23828125
1 0.128125 0.509375 0.2375 0.3046875
1 0.3765625 0.49609375 0.2390625 0.26328125
1 0.6234375 0.50703125 0.2390625 0.29921875
1 0.87265625 0.49296875 0.2375 0.2671875
1 0.74609375 0.803125 0.48046875 0.24375
1 0.253125 0.79921875 0.48125 0.24609375
3 0.05859375 0.42734375 0.06171875 0.0625
3 0.05078125 0.16328125 0.046875 0.04140625
3 0.30078125 0.4296875 0.05234375 0.0421875
3 0.55625 0.42578125 0.06875 0.04921875
3 0.796875 0.428125 0.05546875 0.04453125
3 0.55859375 0.74453125 0.06484375 0.03984375
3 0.053125 0.746875 0.059375 0.03984375
5 0.1921875 0.21875 0.32265625 0.04609375
5 0.12890625 0.50703125 0.2109375 0.0859375
5 0.365625 0.49609375 0.17890625 0.06484375
5 0.6125 0.5125 0.178125 0.09765625
5 0.85625 0.4953125 0.17734375 0.07265625
5 0.18828125 0.796875 0.32109375 0.0484375
5 0.703125 0.80234375 0.359375 0.0546875
0 0.05859375 0.59765625 0.06171875 0.06484375
0 0.05234375 0.2734375 0.0515625 0.059375
0 0.3015625 0.565625 0.06171875 0.06875
0 0.546875 0.59453125 0.05234375 0.06796875
0 0.8 0.565625 0.06953125 0.0546875
0 0.059375 0.84921875 0.06796875 0.06484375
0 0.5578125 0.85078125 0.06328125 0.06875
2 0.5 0.9625 1 0.075