4 0.09921875 0.04296875 0.1421875 0.06640625
1 0.25 0.21875 0.47734375 0.2390625
1 0.50078125 0.484375 0.97421875 0.234375
1 0.7484375 0.22109375 0.48046875 0.2484375
3 0.053125 0.1640625 0.05703125 0.0484375
3 0.0546875 0.42890625 0.059375 0.04609375
3 0.553125 0.16484375 0.0625 0.04921875
5 0.6765625 0.21640625 0.31328125 0.05078125
5 0.17890625 0.48125 0.309375 0.046875
5 0.1875 0.221875 0.32734375 0.0484375
0 0.55078125 0.26875 0.04765625 0.05703125
0 0.0609375 0.27109375 0.0640625 0.05703125
0 0.05625 0.5328125 0.0625 0.05078125
2 0.5 0.80625 1 0.3875