4 0.19765625 0.04140625 0.34609375 0.07578125
1 0.25234375 0.21796875 0.47890625 0.2375
1 0.74765625 0.21640625 0.47734375 0.2375
1 0.50078125 0.4796875 0.978125 0.23515625
2 0.5 0.81171875 1 0.3765625
3 0.05390625 0.1640625 0.05234375 0.0453125
3 0.54765625 0.1640625 0.05 0.05234375
3 0.0546875 0.42578125 0.053125 0.0328125
5 0.18046875 0.47890625 0.29609375 0.034375
5 0.18671875 0.21953125 0.31875 0.0359375
5 0.6828125 0.215625 0.31953125 0.04375
0 0.0609375 0.26796875 0.065625 0.0578125
0 0.56015625 0.27109375 0.06875 0.05234375
0 0.053125 0.5328125 0.04765625 0.0578125