4 0.203125 0.040625 0.36015625 0.078125
1 0.1296875 0.23359375 0.234375 0.26484375
1 0.37421875 0.23125 0.240625 0.2703125
1 0.6234375 0.234375 0.23671875 0.2703125
1 0.87109375 0.23125 0.23125 0.26640625
1 0.50078125 0.5109375 0.97890625 0.2390625
1 0.74765625 0.76796875 0.484375 0.24609375
1 0.2515625 0.7703125 0.48125 0.2390625
3 0.05703125 0.45625 0.06171875 0.046875
3 0.05625 0.165625 0.053125 0.0453125
3 0.30390625 0.1703125 0.06015625 0.04375
3 0.5515625 0.1640625 0.06015625 0.04140625
3 0.05234375 0.725 0.04375 0.046875
3 0.55078125 0.7140625 0.05234375 0.04375
3 0.7953125 0.165625 0.05703125 0.05234375
5 0.11015625 0.23359375 0.17421875 0.06875
5 0.3515625 0.23125 0.15546875 0.06015625
5 0.60625 0.23203125 0.17109375 0.06875
5 0.18984375 0.50703125 0.32578125 0.04375
5 0.16796875 0.771875 0.28828125 0.04375
5 0.66953125 0.765625 0.29609375 0.04140625
5 0.85859375 0.23671875 0.18671875 0.06328125
0 0.30390625 0.3046875 0.05703125 0.06171875
0 0.06171875 0.30625 0.07421875 0.06171875
0 0.55625 0.303125 0.06875 0.06328125
0 0.79921875 0.30625 0.0625 0.06171875
0 0.0609375 0.5625 0.065625 0.06015625
0 0.059375 0.8234375 0.06484375 0.06015625
0 0.55703125 0.8234375 0.07109375 0.0671875
2 0.50078125 0.95625 0.99765625 0.08671875