4 0.12421875 0.03828125 0.20703125 0.07265625
1 0.25390625 0.21484375 0.48125 0.2375
1 0.74921875 0.215625 0.48125 0.24296875
1 0.5 0.4796875 0.97890625 0.2390625
1 0.13046875 0.75234375 0.2375 0.26640625
1 0.37734375 0.75625 0.23671875 0.26640625
1 0.62578125 0.75078125 0.23515625 0.2703125
1 0.87109375 0.75078125 0.23359375 0.26640625
3 0.0515625 0.6859375 0.046875 0.0453125
3 0.05625 0.16484375 0.0625 0.03984375
3 0.55234375 0.1546875 0.06640625 0.04921875
3 0.06015625 0.42578125 0.065625 0.0546875
3 0.303125 0.68515625 0.05859375 0.04375
3 0.54921875 0.6875 0.06796875 0.05625
3 0.7890625 0.68984375 0.04921875 0.0578125
5 0.67109375 0.2140625 0.29453125 0.03984375
5 0.1875 0.21640625 0.31875 0.034375
5 0.17421875 0.47890625 0.29921875 0.03828125
5 0.1265625 0.75 0.19921875 0.06171875
5 0.35703125 0.75390625 0.17734375 0.06484375
5 0.621875 0.7515625 0.20234375 0.06171875
5 0.8609375 0.75390625 0.18828125 0.06484375
0 0.0640625 0.8234375 0.071875 0.06328125
0 0.3015625 0.82421875 0.05546875 0.06484375
0 0.55078125 0.8234375 0.05859375 0.0671875
0 0.8 0.82421875 0.07109375 0.06171875
0 0.06015625 0.53203125 0.06640625 0.06015625
0 0.55078125 0.26640625 0.05234375 0.0578125
0 0.05703125 0.27109375 0.06015625 0.06015625
2 0.5 0.95546875 1 0.0890625