4 0.11953125 0.040625 0.19375 0.07421875
1 0.253125 0.21796875 0.47890625 0.240625
1 0.74765625 0.2203125 0.47734375 0.24453125
1 0.50078125 0.48125 0.978125 0.2375
1 0.12890625 0.75390625 0.2375 0.26796875
1 0.37734375 0.75234375 0.2375 0.2703125
1 0.62421875 0.75234375 0.23515625 0.26640625
1 0.87109375 0.7546875 0.234375 0.26640625
2 0.5 0.95546875 1 0.0890625
3 0.05078125 0.16640625 0.04609375 0.06484375
3 0.55390625 0.15859375 0.06171875 0.05234375
3 0.05234375 0.69296875 0.053125 0.04921875
3 0.30234375 0.68671875 0.05859375 0.05078125
3 0.553125 0.69140625 0.06484375 0.05234375
3 0.79296875 0.68515625 0.05234375 0.05078125
5 0.8703125 0.75234375 0.20546875 0.05625
5 0.61328125 0.75390625 0.18984375 0.06484375
5 0.37265625 0.75390625 0.20234375 0.06484375
5 0.121875 0.75546875 0.19375 0.06484375
5 0.17578125 0.478125 0.29765625 0.0359375
5 0.68359375 0.2140625 0.31796875 0.046875
0 0.5578125 0.2703125 0.065625 0.0546875
0 0.05859375 0.26640625 0.065625 0.06484375
0 0.053125 0.53359375 0.05625 0.06015625
0 0.053125 0.825 0.05234375 0.06328125
0 0.30546875 0.8234375 0.06875 0.0671875
0 0.55859375 0.82421875 0.07109375 0.06171875
0 0.79609375 0.82578125 0.059375 0.0546875
3 0.04765625 0.4296875 0.04765625 0.0546875