4 0.0921875 0.04140625 0.14296875 0.0734375
1 0.50078125 0.22265625 0.984375 0.24765625
1 0.1265625 0.49296875 0.24140625 0.2703125
1 0.3765625 0.4984375 0.23671875 0.2765625
1 0.62734375 0.49609375 0.23515625 0.271875
1 0.86953125 0.4890625 0.23828125 0.27265625
3 0.053125 0.16640625 0.053125 0.05703125
3 0.06171875 0.4265625 0.0625 0.0515625
3 0.29765625 0.42421875 0.05078125 0.04140625
3 0.5515625 0.428125 0.0640625 0.04453125
3 0.796875 0.4359375 0.05703125 0.06015625
5 0.1703125 0.215625 0.29765625 0.0421875
5 0.1296875 0.496875 0.21171875 0.07578125
5 0.3703125 0.5 0.190625 0.07265625
5 0.6 0.49609375 0.16875 0.075
5 0.87109375 0.49375 0.20546875 0.06484375
0 0.55859375 0.56953125 0.0640625 0.06640625
0 0.06171875 0.275 0.06796875 0.06640625
0 0.30546875 0.56875 0.06953125 0.06015625
0 0.8015625 0.56640625 0.06640625 0.0703125
0 0.0578125 0.565625 0.059375 0.059375
2 0.5 0.82265625 1 0.3546875