4 0.16484375 0.0421875 0.296875 0.084375
1 0.746875 0.22421875 0.47734375 0.240625
1 0.86875 0.49375 0.240625 0.278125
1 0.2515625 0.21640625 0.48671875 0.24296875
1 0.1296875 0.49296875 0.2375 0.26171875
1 0.37578125 0.490625 0.2421875 0.265625
1 0.62265625 0.48984375 0.240625 0.26953125
1 0.5 0.77265625 0.978125 0.24140625
3 0.56328125 0.16328125 0.0828125 0.04609375
3 0.55 0.4328125 0.0671875 0.0640625
3 0.803125 0.4296875 0.06796875 0.04375
3 0.05625 0.1625 0.05859375 0.04921875
3 0.0546875 0.43046875 0.053125 0.06171875
3 0.0546875 0.715625 0.06171875 0.04921875
5 0.1890625 0.21875 0.32109375 0.06015625
5 0.6796875 0.2140625 0.29765625 0.04609375
5 0.3578125 0.48984375 0.17734375 0.07109375
5 0.6203125 0.496875 0.19921875 0.06171875
5 0.86953125 0.4984375 0.2140625 0.075
5 0.11953125 0.49609375 0.18671875 0.06875
5 0.17421875 0.76640625 0.290625 0.04453125
3 0.30703125 0.421875 0.06171875 0.04140625
0 0.05625 0.8203125 0.05703125 0.06015625
0 0.059375 0.565625 0.0640625 0.0640625
0 0.059375 0.26875 0.0578125 0.06875
0 0.55703125 0.2703125 0.0703125 0.06640625
0 0.30859375 0.5625 0.0703125 0.0578125
0 0.55234375 0.56640625 0.0734375 0.0703125
0 0.80078125 0.5625 0.06796875 0.06640625
2 0.5 0.95 1 0.09921875