4 0.09453125 0.04140625 0.15625 0.07734375
1 0.2484375 0.21640625 0.4859375 0.24375
1 0.74765625 0.2125 0.4859375 0.24140625
1 0.74921875 0.4796875 0.48828125 0.2484375
1 0.2515625 0.47734375 0.48828125 0.24765625
3 0.5515625 0.41796875 0.05546875 0.0484375
3 0.55390625 0.1609375 0.0609375 0.04609375
3 0.065625 0.16796875 0.0703125 0.04140625
5 0.18359375 0.2203125 0.3171875 0.03515625
5 0.6796875 0.2140625 0.3203125 0.046875
5 0.68984375 0.4796875 0.3328125 0.05078125
5 0.18203125 0.47734375 0.31953125 0.05078125
0 0.0609375 0.27890625 0.06015625 0.075
0 0.06015625 0.525 0.059375 0.0640625
0 0.55234375 0.53046875 0.0515625 0.06640625
0 0.55859375 0.26875 0.07265625 0.078125
2 0.5 0.80859375 1 0.3828125