4 0.20703125 0.0421875 0.37265625 0.0734375
1 0.12890625 0.23125 0.23359375 0.2671875
1 0.37578125 0.23203125 0.23671875 0.265625
1 0.6234375 0.2296875 0.23203125 0.275
1 0.871875 0.23203125 0.24140625 0.28359375
2 0.50078125 0.69296875 0.99765625 0.6140625
3 0.05703125 0.1671875 0.06796875 0.05234375
3 0.30546875 0.17265625 0.0625 0.05546875
3 0.5515625 0.171875 0.06328125 0.05703125
3 0.78984375 0.17421875 0.04921875 0.05546875
5 0.85859375 0.23828125 0.18046875 0.06015625
5 0.60390625 0.234375 0.16328125 0.07421875
5 0.3671875 0.234375 0.18828125 0.06953125
5 0.125 0.23125 0.20390625 0.06328125
0 0.0609375 0.3078125 0.06796875 0.06171875
0 0.30625 0.30625 0.0640625 0.06171875
0 0.5578125 0.3046875 0.07265625 0.06953125