4 0.09375 0.04453125 0.13984375 0.08515625
1 0.13046875 0.23203125 0.24140625 0.27890625
1 0.37578125 0.23515625 0.2375 0.275
1 0.621875 0.234375 0.2375 0.2703125
1 0.87421875 0.23828125 0.240625 0.284375
1 0.50078125 0.51328125 0.98515625 0.2515625
1 0.2515625 0.77734375 0.48203125 0.24296875
1 0.75390625 0.771875 0.48359375 0.24609375
3 0.05234375 0.16484375 0.05234375 0.0578125
3 0.30859375 0.1640625 0.065625 0.04921875
3 0.5546875 0.1703125 0.065625 0.05078125
3 0.8 0.16953125 0.0625 0.04921875
3 0.065625 0.45859375 0.07265625 0.05078125
3 0.0578125 0.7125 0.06328125 0.04921875
3 0.55234375 0.715625 0.05546875 0.0578125
5 0.1171875 0.23671875 0.18046875 0.078125
5 0.371875 0.23125 0.19140625 0.0703125
5 0.60390625 0.23515625 0.16640625 0.07578125
5 0.85703125 0.2328125 0.175 0.0671875
5 0.18125 0.50546875 0.3125 0.05078125
5 0.18046875 0.76640625 0.31015625 0.0546875
5 0.68203125 0.77109375 0.315625 0.05234375
0 0.06484375 0.3078125 0.07265625 0.06171875
0 0.30625 0.30234375 0.07109375 0.07265625
0 0.55390625 0.30625 0.07109375 0.06171875
0 0.803125 0.30703125 0.075 0.06328125
0 0.06171875 0.5625 0.071875 0.06015625
0 0.04921875 0.8234375 0.05234375 0.05625
0 0.55234375 0.82890625 0.05546875 0.05625
2 0.5015625 0.9578125 0.996875 0.084375