4 0.2078125 0.0421875 0.378125 0.084375
1 0.50234375 0.225 0.990625 0.24609375
1 0.25390625 0.484375 0.48203125 0.2625
1 0.75234375 0.4828125 0.4875 0.2515625
1 0.13125 0.76171875 0.2375 0.2703125
1 0.37734375 0.7625 0.23515625 0.271875
1 0.62421875 0.771875 0.23671875 0.30078125
1 0.87421875 0.75703125 0.234375 0.275
2 0.5 0.96328125 1 0.0734375
3 0.05859375 0.1703125 0.059375 0.0546875
3 0.06328125 0.425 0.065625 0.06015625
3 0.553125 0.42421875 0.0625 0.05078125
3 0.06015625 0.69296875 0.075 0.06015625
3 0.31171875 0.69765625 0.07578125 0.0578125
3 0.55078125 0.6890625 0.059375 0.05234375
3 0.8015625 0.6921875 0.059375 0.0578125
5 0.1765625 0.21953125 0.303125 0.046875
5 0.19296875 0.4765625 0.32734375 0.03984375
5 0.6859375 0.47890625 0.328125 0.05625
5 0.1078125 0.75703125 0.16953125 0.07265625
5 0.35859375 0.76015625 0.16875 0.078125
5 0.60546875 0.7734375 0.17578125 0.1015625
5 0.85703125 0.7609375 0.17265625 0.07265625
5 0.0609375 0.27734375 0.071875 0.0578125