4 0.20625 0.03984375 0.378125 0.0796875
1 0.12734375 0.23125 0.23515625 0.27421875
1 0.3765625 0.23046875 0.2359375 0.27265625
1 0.6234375 0.23203125 0.2359375 0.2703125
1 0.8703125 0.23125 0.23828125 0.27421875
1 0.49921875 0.5109375 0.9828125 0.2390625
2 0.5 0.8234375 1 0.353125
3 0.053125 0.1625 0.05546875 0.04453125
3 0.30234375 0.1734375 0.0578125 0.0515625
3 0.5515625 0.16328125 0.053125 0.0421875
3 0.79609375 0.165625 0.05625 0.0484375
3 0.06484375 0.45859375 0.07421875 0.046875
5 0.115625 0.23359375 0.17578125 0.07109375
5 0.35390625 0.234375 0.15546875 0.06796875
5 0.60625 0.2359375 0.16484375 0.06171875
5 0.85234375 0.234375 0.16796875 0.06796875
5 0.18359375 0.50703125 0.31953125 0.0484375
0 0.053125 0.30703125 0.05625 0.06796875
0 0.30546875 0.3046875 0.0609375 0.0578125
0 0.55546875 0.30625 0.06875 0.06640625
0 0.80703125 0.30625 0.078125 0.05703125
0 0.0578125 0.56484375 0.065625 0.0578125