4 0.16171875 0.03671875 0.27421875 0.0734375
1 0.50546875 0.2203125 0.9890625 0.24296875
1 0.25078125 0.478125 0.484375 0.2515625
1 0.7484375 0.475 0.4796875 0.2484375
1 0.86953125 0.75390625 0.24140625 0.265625
1 0.625 0.7484375 0.24140625 0.28046875
1 0.3765625 0.76796875 0.24140625 0.309375
1 0.1296875 0.75234375 0.234375 0.2703125
3 0.05625 0.17734375 0.059375 0.05078125
3 0.05 0.421875 0.05 0.04609375
3 0.55703125 0.43125 0.06171875 0.05546875
3 0.05546875 0.684375 0.05546875 0.04921875
3 0.30234375 0.6890625 0.06015625 0.0546875
3 0.5578125 0.69375 0.06796875 0.04921875
3 0.79609375 0.69140625 0.06171875 0.04921875
5 0.196875 0.47890625 0.3375 0.03984375
5 0.18515625 0.22109375 0.309375 0.0359375
0 0.0609375 0.27421875 0.06171875 0.05078125
0 0.05 0.53046875 0.05 0.059375
5 0.68671875 0.47734375 0.334375 0.0359375
5 0.11171875 0.7546875 0.17109375 0.06015625
5 0.37265625 0.76484375 0.20625 0.0953125
5 0.609375 0.75390625 0.171875 0.06875
5 0.86953125 0.7578125 0.19765625 0.06171875
0 0.05703125 0.82578125 0.0671875 0.06796875
0 0.56171875 0.5328125 0.0765625 0.06484375
0 0.3015625 0.8546875 0.05859375 0.0625
0 0.55234375 0.825 0.065625 0.0703125
0 0.79453125 0.82578125 0.05546875 0.07109375
2 0.5 0.96875 1 0.0625