4 0.14609375 0.040625 0.24453125 0.0703125
1 0.12734375 0.23359375 0.23984375 0.27109375
1 0.375 0.23125 0.23515625 0.26640625
1 0.621875 0.22734375 0.2359375 0.2734375
1 0.8703125 0.2296875 0.23984375 0.271875
3 0.0609375 0.1703125 0.0609375 0.03984375
3 0.3 0.1671875 0.05390625 0.0515625
3 0.54921875 0.165625 0.06171875 0.0515625
3 0.79765625 0.1640625 0.06171875 0.0421875
5 0.61484375 0.2328125 0.18359375 0.06015625
5 0.11875 0.234375 0.1859375 0.06640625
5 0.37421875 0.2375 0.2 0.06640625
5 0.853125 0.23125 0.17109375 0.0640625
0 0.80078125 0.30546875 0.06328125 0.06015625
0 0.05625 0.3046875 0.0625 0.06640625
0 0.5546875 0.30546875 0.06796875 0.06015625
0 0.29765625 0.30390625 0.04765625 0.0609375
2 0.5 0.69609375 1 0.6078125