4 0.121875 0.04140625 0.20078125 0.0828125
1 0.253125 0.2171875 0.48359375 0.2453125
1 0.74765625 0.21953125 0.48046875 0.24765625
1 0.5015625 0.4765625 0.978125 0.23828125
1 0.1296875 0.7515625 0.23984375 0.27890625
1 0.37578125 0.7515625 0.2390625 0.271875
1 0.625 0.75390625 0.23984375 0.2765625
1 0.87265625 0.75546875 0.24140625 0.271875
3 0.0578125 0.68828125 0.06484375 0.04375
3 0.05625 0.4296875 0.05625 0.0578125
3 0.55703125 0.1625 0.07265625 0.04140625
3 0.29765625 0.6921875 0.046875 0.0546875
3 0.54921875 0.69609375 0.06328125 0.0515625
3 0.79921875 0.690625 0.06484375 0.0375
3 0.059375 0.15859375 0.0625 0.0453125
5 0.1875 0.21640625 0.3234375 0.034375
5 0.18515625 0.48203125 0.3125 0.0359375
5 0.66484375 0.2125 0.27578125 0.04453125
5 0.11015625 0.75625 0.165625 0.06640625
5 0.3671875 0.75234375 0.190625 0.06328125
5 0.61015625 0.7578125 0.18046875 0.0671875
5 0.88125 0.75625 0.2375 0.0625
0 0.0625 0.828125 0.07109375 0.0546875
0 0.3109375 0.825 0.0765625 0.06328125
0 0.5546875 0.82265625 0.06171875 0.0578125
0 0.7984375 0.825 0.06328125 0.0625
2 0.5 0.95546875 1 0.0890625