4 0.21171875 0.03828125 0.384375 0.07578125
1 0.25234375 0.21875 0.47890625 0.23984375
1 0.74921875 0.21640625 0.48359375 0.25078125
1 0.50234375 0.48125 0.98984375 0.2515625
2 0.5 0.81015625 1 0.3796875
3 0.05390625 0.1625 0.053125 0.053125
3 0.54921875 0.16015625 0.0484375 0.040625
3 0.05703125 0.4265625 0.059375 0.04765625
5 0.1828125 0.21640625 0.31953125 0.03359375
5 0.18515625 0.4859375 0.31171875 0.04765625
0 0.05859375 0.271875 0.06953125 0.06484375
0 0.0515625 0.5359375 0.04765625 0.06484375
5 0.6796875 0.2171875 0.31328125 0.04375
0 0.55625 0.2703125 0.06640625 0.0546875