4 0.21171875 0.03984375 0.384375 0.075
1 0.128125 0.234375 0.23984375 0.2703125
1 0.37421875 0.23359375 0.23671875 0.26484375
1 0.6234375 0.2328125 0.23671875 0.26953125
1 0.871875 0.2296875 0.2421875 0.27421875
2 0.5 0.6921875 1 0.615625
3 0.0609375 0.16328125 0.0578125 0.0421875
3 0.30234375 0.171875 0.065625 0.0546875
3 0.5515625 0.1640625 0.071875 0.053125
3 0.8015625 0.1625 0.078125 0.04921875
5 0.11640625 0.234375 0.18828125 0.0625
5 0.359375 0.23515625 0.1765625 0.0640625
5 0.61796875 0.23125 0.1859375 0.06640625
5 0.86953125 0.23515625 0.196875 0.06875
0 0.0625 0.30703125 0.078125 0.0625
0 0.30625 0.30625 0.0734375 0.06640625
0 0.5484375 0.30234375 0.053125 0.0640625
0 0.8 0.30546875 0.06953125 0.06484375