4 0.1953125 0.0375 0.346875 0.075
1 0.13046875 0.23046875 0.24140625 0.278125
1 0.378125 0.2296875 0.2359375 0.2765625
1 0.625 0.24609375 0.23828125 0.3078125
1 0.871875 0.2296875 0.2328125 0.2703125
2 0.5 0.7109375 1 0.578125
3 0.053125 0.1671875 0.0703125 0.0546875
3 0.30859375 0.16640625 0.07578125 0.0625
3 0.5515625 0.16640625 0.06171875 0.0421875
3 0.796875 0.165625 0.05859375 0.03125
5 0.36484375 0.23046875 0.1796875 0.06015625
5 0.11171875 0.23515625 0.1703125 0.0640625
5 0.6125 0.24296875 0.175 0.090625
5 0.84765625 0.2375 0.15390625 0.0640625
0 0.8015625 0.30625 0.065625 0.0546875
0 0.55546875 0.33671875 0.06484375 0.06484375
0 0.30625 0.3046875 0.071875 0.059375
0 0.05234375 0.3046875 0.0515625 0.0640625