4 0.1 0.0421875 0.15546875 0.075
1 0.12890625 0.2328125 0.23828125 0.2765625
1 0.375 0.23359375 0.23671875 0.26953125
1 0.62421875 0.24453125 0.234375 0.30078125
1 0.87265625 0.23359375 0.23671875 0.26953125
1 0.50078125 0.5421875 0.97578125 0.2390625
1 0.2515625 0.79921875 0.48046875 0.23203125
1 0.746875 0.80234375 0.47734375 0.23828125
3 0.0515625 0.746875 0.05546875 0.0546875
3 0.55390625 0.74296875 0.05859375 0.05078125
3 0.55390625 0.16875 0.071875 0.06171875
3 0.79453125 0.16640625 0.06640625 0.0484375
3 0.05703125 0.4890625 0.0640625 0.04609375
3 0.05390625 0.1671875 0.053125 0.0375
3 0.3 0.171875 0.05625 0.04375
5 0.19140625 0.8046875 0.31953125 0.04921875
5 0.1859375 0.53828125 0.31328125 0.0328125
5 0.67265625 0.796875 0.29609375 0.03828125
5 0.60234375 0.246875 0.165625 0.09765625
5 0.8625 0.23359375 0.196875 0.06640625
5 0.375 0.234375 0.20859375 0.0625
5 0.125 0.23515625 0.1953125 0.05703125
0 0.05546875 0.30703125 0.05859375 0.0625
0 0.29921875 0.3046875 0.05625 0.0640625
0 0.55390625 0.33515625 0.06875 0.05703125
0 0.79375 0.30234375 0.053125 0.0640625
0 0.06171875 0.59375 0.0609375 0.0515625
0 0.0609375 0.85078125 0.05859375 0.059375
0 0.55078125 0.85078125 0.04921875 0.0640625
2 0.5 0.96328125 1 0.0734375