4 0.08828125 0.0390625 0.1296875 0.0640625
1 0.128125 0.51015625 0.23671875 0.29609375
1 0.37734375 0.49296875 0.2296875 0.26171875
1 0.621875 0.49453125 0.23828125 0.259375
1 0.86953125 0.49375 0.23671875 0.25859375
1 0.253125 0.8015625 0.478125 0.240625
1 0.74765625 0.8 0.47890625 0.24296875
3 0.059375 0.1640625 0.065625 0.03359375
3 0.0515625 0.4265625 0.05625 0.0265625
3 0.296875 0.43046875 0.05 0.04453125
3 0.5484375 0.4296875 0.04375 0.0421875
3 0.79453125 0.425 0.053125 0.04375
3 0.559375 0.7484375 0.059375 0.04375
3 0.05390625 0.7484375 0.046875 0.04375
5 0.190625 0.21953125 0.3265625 0.0375
5 0.11875 0.509375 0.1828125 0.090625
5 0.36875 0.49296875 0.1921875 0.0734375
5 0.6234375 0.49140625 0.2078125 0.05546875
1 0.5 0.22109375 0.978125 0.2296875
5 0.190625 0.79921875 0.321875 0.0515625
5 0.68046875 0.79921875 0.31640625 0.04375
0 0.0625 0.2734375 0.06328125 0.0546875
0 0.0578125 0.59765625 0.05703125 0.06015625
0 0.3046875 0.56484375 0.06484375 0.06796875
0 0.54609375 0.56796875 0.04765625 0.053125
0 0.796875 0.56171875 0.05703125 0.06484375
0 0.55390625 0.84921875 0.053125 0.06015625
0 0.0578125 0.84921875 0.06015625 0.05546875
2 0.5 0.96953125 1 0.06015625