4 0.20859375 0.04296875 0.37578125 0.08125
1 0.2515625 0.2140625 0.48125 0.2296875
1 0.74921875 0.2140625 0.47109375 0.2390625
1 0.128125 0.49140625 0.2375 0.26328125
1 0.375 0.490625 0.234375 0.271875
1 0.621875 0.490625 0.2359375 0.2703125
1 0.8703125 0.49453125 0.23515625 0.26953125
1 0.503125 0.771875 0.971875 0.2296875
2 0.5 0.95546875 1 0.0890625
3 0.05859375 0.165625 0.053125 0.05546875
3 0.54609375 0.1578125 0.04140625 0.03046875
3 0.5546875 0.42265625 0.06796875 0.0578125
3 0.796875 0.43515625 0.0609375 0.053125
3 0.053125 0.72109375 0.05546875 0.05078125
3 0.05078125 0.4234375 0.05390625 0.0546875
3 0.059375 0.16640625 0.0578125 0.05703125
5 0.19296875 0.21953125 0.33359375 0.0375
5 0.67734375 0.21640625 0.309375 0.04609375
5 0.125 0.5 0.19765625 0.07265625
5 0.36953125 0.49296875 0.2 0.0640625
5 0.615625 0.490625 0.19296875 0.06796875
5 0.85703125 0.496875 0.178125 0.06171875
5 0.18125 0.77109375 0.32109375 0.059375
0 0.0625 0.82421875 0.071875 0.06875
0 0.05703125 0.5625 0.06640625 0.07109375
0 0.30390625 0.56484375 0.06015625 0.06171875
0 0.553125 0.56171875 0.06796875 0.06015625
0 0.8 0.5625 0.065625 0.05703125
0 0.55703125 0.26953125 0.06484375 0.0703125
0 0.0609375 0.26640625 0.0640625 0.04921875