2 0.05703125 0.0421875 0.0609375 0.04453125
1 0.509375 0.2359375 0.95625 0.20078125
1 0.02109375 0.14296875 0.00234375 0.01484375
1 0.50234375 0.228125 0.97265625 0.2328125
3 0.07109375 0.16640625 0.07265625 0.046875
5 0.19140625 0.22265625 0.33828125 0.03828125
0 0.06328125 0.27578125 0.0640625 0.04765625
4 0.10390625 0.0421875 0.13828125 0.07890625
0 0.06484375 0.28203125 0.06796875 0.046875
1 0.12890625 0.50078125 0.2265625 0.246875
3 0.06171875 0.4234375 0.0625 0.05390625
5 0.12421875 0.5015625 0.19296875 0.0640625
0 0.0515625 0.5671875 0.05 0.0515625
1 0.375 0.49453125 0.23203125 0.26328125
3 0.30546875 0.425 0.0796875 0.06640625
5 0.35546875 0.50390625 0.17421875 0.059375
0 0.3109375 0.565625 0.06015625 0.04765625
1 0.62421875 0.48828125 0.23125 0.2515625
3 0.553125 0.428125 0.05546875 0.06328125
5 0.6109375 0.49453125 0.1859375 0.06171875
0 0.5546875 0.56953125 0.0625 0.0703125
1 0.86875 0.5046875 0.23671875 0.25
3 0.8 0.4234375 0.065625 0.07734375
5 0.85234375 0.4984375 0.1703125 0.05390625
0 0.8 0.56953125 0.05703125 0.046875
1 0.496875 0.7859375 0.965625 0.23671875
3 0.059375 0.71796875 0.0796875 0.06328125
5 0.20234375 0.771875 0.36328125 0.0359375
0 0.0578125 0.82890625 0.0640625 0.053125
2 0.50703125 0.953125 0.9828125 0.09375