4 0.12734375 0.040625 0.25390625 0.06171875
1 0.50078125 0.2296875 0.96875 0.22421875
3 0.078125 0.1734375 0.103125 0.05546875
5 0.196875 0.2203125 0.35703125 0.034375
0 0.065625 0.278125 0.08359375 0.0625
1 0.24921875 0.478125 0.48125 0.240625
3 0.05390625 0.41875 0.07734375 0.04375
5 0.1875 0.471875 0.33515625 0.05390625
0 0.05546875 0.5328125 0.0609375 0.03984375
1 0.75 0.484375 0.47109375 0.21796875
3 0.56484375 0.41953125 0.0796875 0.05
5 0.66875 0.47578125 0.29296875 0.03359375
0 0.5625 0.53203125 0.06796875 0.04453125
1 0.13203125 0.75625 0.23046875 0.25
3 0.059375 0.6875 0.06875 0.05078125
5 0.11796875 0.7609375 0.190625 0.0578125
0 0.0578125 0.82890625 0.06171875 0.0578125
1 0.37578125 0.75390625 0.23203125 0.265625
3 0.30078125 0.6859375 0.05625 0.046875
5 0.3546875 0.75546875 0.1859375 0.0609375
0 0.309375 0.825 0.0765625 0.0453125
1 0.62265625 0.75703125 0.23046875 0.2515625
3 0.55 0.6890625 0.06875 0.04375
5 0.6203125 0.75390625 0.20703125 0.05703125
0 0.559375 0.82578125 0.090625 0.05625
1 0.86640625 0.7546875 0.2375 0.2484375
3 0.79765625 0.684375 0.06640625 0.053125
5 0.85703125 0.75546875 0.19609375 0.05078125
0 0.796875 0.8296875 0.08046875 0.04453125
2 0.50390625 0.953125 0.9921875 0.09375